Life Is Sweet (Remix 1) - 123 - [0.1066 0.3259 0.4709 0.7152 0.8314 0.9531 1.191 1.448 1.69 1.818 2.054 2.283 2.42 2.666 2.788 2.91 3.142 3.375 3.642 3.763] - http://previews.7digital.com/clips/34/862792.clip.mp3
True Stories (Bjørn Torskes Kortslutning Remix) - 137 - [0.2045 0.3958 0.651 0.8717 1.088 1.273 1.501 1.719 1.943 2.155 2.405 2.602 2.845 3.048 3.265 3.478 3.704 3.909 4.152 4.36] - http://previews.7digital.com/clips/34/13501323.clip.mp3
Mary Jane - 121.1 - [0.2099 0.4849 0.9709 1.467 1.754 1.934 2.254 2.484 2.944 3.217 3.483 3.739 3.954] - http://previews.7digital.com/clips/34/3166373.clip.mp3
Transformers: The Fallen Remix - 136 - [0.2057 0.432 0.6575 1.076 1.72 1.959 2.37 2.615 2.823 3.049 3.258] - http://previews.7digital.com/clips/34/5566859.clip.mp3
Living A Lie (Simone Version) - 122 - [0.4082 0.6753 0.856 1.371 1.883 2.359 3.125 3.37 3.607 3.856] - http://previews.7digital.com/clips/34/17758657.clip.mp3
Hallelujah - 133.3 - [0.2289 0.4284 0.9043 1.592 1.785 2 2.465 2.644 3.074 3.306] - http://previews.7digital.com/clips/34/11384841.clip.mp3
Aquarius - 144.1 - [0.2405 0.5657 0.7919 1.03 1.25 1.448 1.645 1.853 2.301 2.718 3.114] - http://previews.7digital.com/clips/34/2307350.clip.mp3
Now You're Gone (Sound Selektaz Remix) - 150 - [0.1812 0.3783 0.5817 0.779 0.9822 1.179 1.383 1.58 1.783 1.981 2.178 2.381 2.579 2.782 2.979 3.182] - http://previews.7digital.com/clips/34/9249180.clip.mp3
Bebop Drop - 144.6 - [0.1814 0.4185 0.5929 0.8428 1.016 1.238 1.453 1.655 1.852 2.079 2.277 2.491 2.671 3.118] - http://previews.7digital.com/clips/34/9119440.clip.mp3
Worry Rock (Album Version) - 144.9 - [0.3997 0.8406 1.062 1.416 1.677 1.88 2.083 2.414 2.675 2.889 3.105] - http://previews.7digital.com/clips/34/76763.clip.mp3
'92 Subaru - 140.8 - [0.3041 0.5361 0.7622 1.041 1.256 1.464 1.685 1.906 2.121 2.371 2.538 2.962 3.218 3.334] - http://previews.7digital.com/clips/34/3083892.clip.mp3
We're From America - 162 - [0.1789 0.3324 0.5052 0.7152 0.9247 1.092 1.266 1.452 1.633 1.822 1.985 2.149 2.381 2.561 2.747 2.927] - http://previews.7digital.com/clips/34/5918546.clip.mp3
Los Angeles Is Burning - 163.2 - [0.3002 0.5086 0.7175 1.072 1.409 1.827 2.136 2.685 2.894] - http://previews.7digital.com/clips/34/3974000.clip.mp3
Month Of May - 168 - [0.1459 0.3198 0.6781 0.858 1.008 1.213 1.37 1.579 1.736 1.921 2.119 2.281 2.467 2.641 2.793] - http://previews.7digital.com/clips/34/14553196.clip.mp3
Big Bang - 162.6 - [0.1739 0.3543 0.5511 0.7718 1.109 1.486 1.62 1.84 2.02 2.305 2.577 2.919] - http://previews.7digital.com/clips/34/3974050.clip.mp3
Nameless Life (Album Version) - 160.1 - [0.1876 0.3816 0.4792 0.7572 0.8849 1.132 1.251 1.506 1.687 1.881 1.963 2.247 2.439 2.548 2.758] - http://previews.7digital.com/clips/34/13500015.clip.mp3
Arriving Somewhere But Not Here - 160.5 - [0.1497 0.3941 0.8948 1.283 1.585 2.033 2.393 2.787] - http://previews.7digital.com/clips/34/133908.clip.mp3
Free Bird - 168.4 - [0.2535 0.4521 0.6615 1.02 1.314 1.569 1.681 1.989 2.308 2.555 2.824] - http://previews.7digital.com/clips/34/4602844.clip.mp3
At Least I Know I'm a Sinner - 98.48 - [0.03032 0.5988 0.896 1.221 1.584 1.772 1.986 2.234 2.509 2.945 3.107 3.229 3.414 3.554 3.682 3.809 3.984 4.145 4.262 4.581] - http://previews.7digital.com/clips/34/15811143.clip.mp3
Live On The Air Part 3 Ft: Rza - 94.85 - [0.1556 0.3347 0.5267 0.6255 0.8637 1.038 1.19 1.392 1.657 1.91 2.059 2.315 2.536 2.778 2.947 3.18 3.326 3.488 3.708 3.876 4.178 4.294] - http://previews.7digital.com/clips/34/7112174.clip.mp3
Resolve - 99.72 - [0.2663 0.9154 1.861 2.432 2.68 2.912 3.139 3.452 3.795 4.085 4.249 4.63] - http://previews.7digital.com/clips/34/16394413.clip.mp3
Anybody - 82.01 - [0.1374 0.2743 0.5259 0.7453 0.8905 1.247 1.435 1.614 1.779 1.975 2.172 2.353 2.526 2.719 2.904 3.078 3.288 3.456 3.638 3.809 3.984 4.176 4.368 4.553 4.704 4.91 5.053 5.283 5.514 5.612 5.83] - http://previews.7digital.com/clips/34/2930379.clip.mp3
Follow Me - 95.58 - [0.2935 0.4779 1.105 1.575 1.749 1.882 2.051 2.173 2.387 2.84 3.16 3.497 3.659 3.799 4.042 4.267 4.576] - http://previews.7digital.com/clips/34/7627203.clip.mp3
Qrown Royal - 92.01 - [0.2251 0.3176 0.5905 0.8585 1.188 1.479 1.611 1.932 2.118 2.494 2.61 2.802 2.88 3.151 3.574 3.801 3.905 4.169 4.329 4.544 4.753 4.887 5.092 5.217] - http://previews.7digital.com/clips/34/1745359.clip.mp3
Sooner Or Later - 91.2 - [0.4709 0.7611 1.272 1.707 1.893 2.601 2.909 3.199 3.745 4.592 5.254] - http://previews.7digital.com/clips/34/14028755.clip.mp3
Nar Sjelen Hentes Til Helvete - 79.44 - [0.1309 0.4857 1.054 1.246 1.42 1.977 2.145 2.534 2.691 2.9 3.08 3.265 3.434 3.649 3.835 4.194 4.38 4.56 4.74 4.938 5.112 5.484 5.692] - http://previews.7digital.com/clips/34/3240998.clip.mp3
Loose Change - 74.99 - [0.03254 0.3806 0.799 0.9669 1.205 1.588 1.78 2.006 2.186 2.418 3.016 3.201 3.58 4.045 4.218 4.473 4.839 5.234 5.629 6.208] - http://previews.7digital.com/clips/34/129116.clip.mp3
I Fought The Law - 75.95 - [0.396 0.5704 0.8083 0.9943 1.151 1.371 1.61 1.801 1.993 2.376 2.619 2.967 3.147 3.572 3.955 4.355 4.477 4.737 5.144 5.342 5.568 5.923 6.067] - http://previews.7digital.com/clips/34/20641980.clip.mp3
Money Up (Explicit Album Version) - 75.03 - [0.1309 0.3439 0.5592 0.7645 0.9599 1.114 1.276 1.558 1.731 1.953 2.162 2.359 2.504 2.749 3.1 3.3 3.561 3.921 4.1 4.348 4.765 4.931 5.164 5.563 5.756 5.955 6.238] - http://previews.7digital.com/clips/34/1398056.clip.mp3
Stories For Boys - 77.64 - [0.237 0.4582 0.7713 1.004 1.143 1.358 1.555 1.735 1.968 2.292 2.738 3.088 3.244 3.604 3.888 4.063 4.591 4.806 5.369 5.921] - http://previews.7digital.com/clips/34/20719682.clip.mp3
Do The Things (You Want) - 74.98 - [0.348 0.5699 0.7554 1.098 1.336 1.521 1.922 2.357 2.77 3.171 3.571 3.948 4.378 4.703 5.097 5.434 5.58 5.911 6.346] - http://previews.7digital.com/clips/34/3679934.clip.mp3
Anybody - 82.01 - [0.1374 0.2743 0.5259 0.7453 0.8905 1.247 1.435 1.614 1.779 1.975 2.172 2.353 2.526 2.719 2.904 3.078 3.288 3.456 3.638 3.809 3.984 4.176 4.368 4.553 4.704 4.91 5.053 5.283 5.514 5.612 5.83] - http://previews.7digital.com/clips/34/2930379.clip.mp3
Mooseman's Jukebox - 87.17 - [0.1897 0.5487 0.7106 0.914 1.356 1.593 1.704 2.011 2.417 3.184 3.671 4.112 4.478 4.774 5.07] - http://previews.7digital.com/clips/34/1430617.clip.mp3
Replicas - 90 - [0.317 0.4814 0.6247 0.7821 0.9321 1.142 1.299 1.508 1.647 1.983 2.624 2.976 3.297 3.481 3.625 3.975 4.329 4.622 4.82 5.158 5.311] - http://previews.7digital.com/clips/34/6546739.clip.mp3
The What (Amended Version) - 86.42 - [0.1594 0.5817 0.7957 0.9248 1.023 1.393 1.535 1.858 2.049 2.284 2.411 2.927 3.246 3.454 3.714 3.931 4.053 4.233 4.407 4.634 4.784 4.986 5.148 5.418 5.725] - http://previews.7digital.com/clips/34/3681995.clip.mp3
At Least I Know I'm a Sinner - 98.48 - [0.03032 0.5988 0.896 1.221 1.584 1.772 1.986 2.234 2.509 2.945 3.107 3.229 3.414 3.554 3.682 3.809 3.984 4.145 4.262 4.581] - http://previews.7digital.com/clips/34/15811143.clip.mp3
Live On The Air Part 3 Ft: Rza - 94.85 - [0.1556 0.3347 0.5267 0.6255 0.8637 1.038 1.19 1.392 1.657 1.91 2.059 2.315 2.536 2.778 2.947 3.18 3.326 3.488 3.708 3.876 4.178 4.294] - http://previews.7digital.com/clips/34/7112174.clip.mp3
Resolve - 99.72 - [0.2663 0.9154 1.861 2.432 2.68 2.912 3.139 3.452 3.795 4.085 4.249 4.63] - http://previews.7digital.com/clips/34/16394413.clip.mp3
Follow Me - 95.58 - [0.2935 0.4779 1.105 1.575 1.749 1.882 2.051 2.173 2.387 2.84 3.16 3.497 3.659 3.799 4.042 4.267 4.576] - http://previews.7digital.com/clips/34/7627203.clip.mp3
Qrown Royal - 92.01 - [0.2251 0.3176 0.5905 0.8585 1.188 1.479 1.611 1.932 2.118 2.494 2.61 2.802 2.88 3.151 3.574 3.801 3.905 4.169 4.329 4.544 4.753 4.887 5.092 5.217] - http://previews.7digital.com/clips/34/1745359.clip.mp3
Sooner Or Later - 91.2 - [0.4709 0.7611 1.272 1.707 1.893 2.601 2.909 3.199 3.745 4.592 5.254] - http://previews.7digital.com/clips/34/14028755.clip.mp3
The Terrible Secret - 91.04 - [0.1597 0.6354 0.8098 0.885 0.9895 1.287 1.489 1.645 1.965 2.14 2.319 2.631 2.795 3.282 3.48 3.901 4.269 4.606 4.932] - http://previews.7digital.com/clips/34/669991.clip.mp3
Crash Into Me - 95.02 - [0.1285 0.2921 0.8018 1.075 1.232 1.552 1.701 2.009 2.161 2.439 2.612 2.765 3.24 3.455 3.757 4.076 4.402 4.709] - http://previews.7digital.com/clips/34/5465575.clip.mp3
Big Boring Wedding - 104.2 - [0.2004 0.5071 0.7813 1.071 1.356 1.634 1.93 2.244 2.511 2.84 3.127 3.422 3.672 3.984 4.59] - http://previews.7digital.com/clips/34/2383640.clip.mp3
A Light In The Black (New York Mix) - 109.4 - [0.2558 0.5226 0.7723 1.068 1.33 1.486 1.602 1.922 2.2 2.467 2.711 3.007 3.286 3.582 3.814 4.128 4.401] - http://previews.7digital.com/clips/34/13748475.clip.mp3
Let's Forget About It - 100.3 - [0.1547 0.6203 0.9901 1.508 1.67 2.215 2.378 2.976 3.421 3.585 3.72 3.858 4.166 4.469 4.631 4.752] - http://previews.7digital.com/clips/34/4744934.clip.mp3
Shockadelica - 109.7 - [0.2821 0.4624 1.032 1.345 1.625 1.74 2.037 2.16 2.552 2.691 2.988 3.26 3.51 3.936 4.015 4.322] - http://previews.7digital.com/clips/34/1381783.clip.mp3
State Farm (Live) - 108 - [0.214 0.4294 0.5449 0.8291 0.9797 1.108 1.265 1.386 1.538 1.659 1.925 2.199 2.496 2.653 2.773 3.048 3.314 3.494 3.883 4.163 4.434] - http://previews.7digital.com/clips/34/10767003.clip.mp3
Been Here Once Before - 102.3 - [0.08112 0.5965 0.9675 1.143 1.277 1.543 1.723 2.031 2.315 2.477 2.937 3.255 3.436 3.617 3.917 4.086 4.388 4.637] - http://previews.7digital.com/clips/34/5511792.clip.mp3
Highway of Endless Dreams - 120 - [0.179 0.4295 0.6485 0.9278 1.438 1.677 1.922 2.171 2.408 2.675 2.947 3.418 3.656 3.912] - http://previews.7digital.com/clips/34/2353601.clip.mp3
The Alchemist - 110 - [0.00653 0.2851 0.4147 0.5508 0.8283 0.9644 1.09 1.353 1.512 1.649 2.012 2.191 2.466 2.605 2.738 3.01 3.151 3.284 3.534 3.697 3.819 4.01 4.204] - http://previews.7digital.com/clips/34/811621.clip.mp3
Hollywood Swingin' - 114.8 - [0.08135 0.3396 0.5524 0.7319 0.8762 1.219 1.533 1.794 1.91 2.398 2.552 2.81 3.089 3.167 3.318 3.623 3.954] - http://previews.7digital.com/clips/34/7453488.clip.mp3
Hungry Heart (Live) - 112 - [0.2459 0.5075 0.7515 1.303 1.575 1.843 2.098 2.354 2.586 2.846 3.393 3.694 3.933 4.141] - http://previews.7digital.com/clips/34/3221510.clip.mp3
I Found A Love - 114.3 - [0.2302 0.4977 0.8817 1.036 1.298 1.565 1.824 2.074 2.35 2.616 2.755 3.011 3.144 3.406 3.663 3.933 4.064 4.189] - http://previews.7digital.com/clips/34/20825331.clip.mp3
Fa Fa - 115.6 - [0.2466 0.5078 0.7705 1.018 1.28 1.547 1.807 2.051 2.318 2.592 2.852 3.11 3.363 3.631 3.874 4.124] - http://previews.7digital.com/clips/34/3549347.clip.mp3
Screams And Whispers - 119.4 - [0.2107 0.4602 0.7099 0.9701 1.203 1.447 1.726 1.969 2.219 2.44 2.73 2.962 3.436 3.85 3.978] - http://previews.7digital.com/clips/34/6309652.clip.mp3
Life Is Sweet (Remix 1) - 123 - [0.1066 0.3259 0.4709 0.7152 0.8314 0.9531 1.191 1.448 1.69 1.818 2.054 2.283 2.42 2.666 2.788 2.91 3.142 3.375 3.642 3.763] - http://previews.7digital.com/clips/34/862792.clip.mp3
Mary Jane - 121.1 - [0.2099 0.4849 0.9709 1.467 1.754 1.934 2.254 2.484 2.944 3.217 3.483 3.739 3.954] - http://previews.7digital.com/clips/34/3166373.clip.mp3
Living A Lie (Simone Version) - 122 - [0.4082 0.6753 0.856 1.371 1.883 2.359 3.125 3.37 3.607 3.856] - http://previews.7digital.com/clips/34/17758657.clip.mp3
The Weight Of The World - 123 - [0.4385 1.037 1.566 1.914 2.395 3.126 3.293 3.462 3.689 3.857] - http://previews.7digital.com/clips/34/6336403.clip.mp3
Its Like Soul Man - 124.8 - [0.2002 0.4326 0.9379 1.152 1.629 1.862 2.092 2.366 2.603 2.819 3.044 3.555 3.788] - http://previews.7digital.com/clips/34/2383641.clip.mp3
Afterburner - 122 - [0.02281 0.5048 0.7023 0.9639 1.282 1.497 1.747 1.962 2.136 2.467 2.728] - http://previews.7digital.com/clips/34/13293546.clip.mp3
First We Take Manhattan - 129.4 - [0.2209 0.4408 0.6609 0.9248 1.131 1.359 1.566 1.857 2.068 2.317 2.525 2.775 3.019 3.193 3.425 3.698] - http://previews.7digital.com/clips/34/6284927.clip.mp3
Heart With Your Name On It - 86.33 - [0.1024 0.498 0.6664 0.8464 1.031 1.194 1.362 1.534 1.711 1.885 2.058 2.233 2.581 2.918 3.099 3.277 3.423 3.621 3.782 3.969 4.102 4.486 4.665 4.803 4.956 5.188 5.495] - http://previews.7digital.com/clips/34/5922678.clip.mp3
Jumpin' At The Woodside (Alternate Take) - 87.95 - [0.1444 0.445 0.9275 1.305 1.527 1.81 2.082 2.299 2.762] - http://previews.7digital.com/clips/34/3183890.clip.mp3
Deadline - 87.77 - [0.1644 0.2931 0.4891 0.8074 0.9587 1.314 1.691 2.161 2.348 2.527 2.863 3.165 3.386 3.501 3.699 4.042 4.413 4.75 5.064] - http://previews.7digital.com/clips/34/2930201.clip.mp3
Another Postcard (Live 3/11/04 Dallas) - 87.09 - [0.2936 0.6136 0.8122 0.9984 1.217 1.339 1.54 1.675 1.925 2.238 2.691 3.068 3.41 3.612 3.781 3.963 4.097 4.322 4.444 4.811 5.142 5.472] - http://previews.7digital.com/clips/34/78936.clip.mp3
In Memory - 85.04 - [0.2219 0.7336 1.262 1.686 2.007 2.336 2.507 2.703 2.9 3.04 3.215 3.59 3.881 4.131 4.375 4.653 4.798 5.541] - http://previews.7digital.com/clips/34/5820380.clip.mp3
Timber - 85.01 - [0.1891 0.3517 0.6543 0.7988 1.06 1.425 1.755 2.108 2.236 2.465 2.654 2.749 2.818 2.999 3.196 3.346 3.591 3.823 4.014 4.136 4.572 4.939 5.062 5.28 5.445] - http://previews.7digital.com/clips/34/11697405.clip.mp3
Bleed For Ancient Gods (Live) - 86.51 - [0.3417 0.673 1.039 1.379 1.741 2.083 2.42 2.768 3.111 3.43 3.767 4.138 4.509 4.852 5.137 5.543] - http://previews.7digital.com/clips/34/5318928.clip.mp3
Rockin' Robin - 86.77 - [0.2005 0.3103 0.52 0.6541 0.8393 0.984 1.123 1.222 1.318 1.483 1.872 1.977 2.198 2.528 2.679 2.871 3.009 3.178 3.37 3.613 3.712 3.91 4.281 4.409 4.734 4.92 5.286] - http://previews.7digital.com/clips/34/20790758.clip.mp3
1989 - 91.99 - [0.2336 0.4714 0.6103 0.9187 1.238 1.417 1.557 1.777 2.044 2.377 2.549 2.886 3.06 3.2 3.536 3.832 3.914 4.165 4.501 4.842 5.092] - http://previews.7digital.com/clips/34/11907771.clip.mp3
Don't Go No Farther - 94 - [0.02215 0.2052 0.4236 0.6246 0.8284 1.033 1.483 1.717 2.009 2.193 2.798 3.016 3.418 3.627 3.86 4.063 4.294 4.502 4.707 4.944] - http://previews.7digital.com/clips/34/20823385.clip.mp3
Sound Of Madness (Live From Washington State) - 93.05 - [0.5538 0.902 1.232 1.54 1.889 2.179 2.887 3.177 3.537 3.763 4.002 4.135 4.465 4.651 5.058] - http://previews.7digital.com/clips/34/13550154.clip.mp3
I'm Gonna Forget About You - 91.58 - [0.1963 0.6256 0.8346 0.9507 1.154 1.258 1.619 1.938 2.176 2.472 2.623 2.802 2.941 3.243 3.592 3.79 3.918 4.272 4.457 4.608 4.881] - http://previews.7digital.com/clips/34/15633862.clip.mp3
Feng Shui - 90.93 - [0.1195 0.2417 0.4101 0.5898 0.7463 0.9143 1.27 1.583 1.751 1.925 2.099 2.215 2.406 2.639 2.761 2.876 3.121 3.457 3.55 4.009 4.201 4.52 4.85 5.048 5.21] - http://previews.7digital.com/clips/34/1173609.clip.mp3
Full Rinse (Featuring MC Twin Tub) - 95 - [0.2126 0.3765 0.6071 0.7583 0.9217 1.078 1.234 1.39 1.548 1.711 1.873 2.192 2.263 2.458 2.761 2.894 3.26 3.399 3.562 3.667 3.858 4.02 4.201 4.299 4.508 4.63 4.793 4.95] - http://previews.7digital.com/clips/34/5884007.clip.mp3
The Shaker - 84.9 - [0.3003 0.6917 0.8644 1.009 1.355 1.536 1.87 2.048 2.257 2.443 2.965 3.117 3.477 3.656 3.813 4.156 4.32 4.504 4.686 5.044 5.212 5.38] - http://previews.7digital.com/clips/34/13745509.clip.mp3
Not Going Away - 83.98 - [0.3091 0.6384 1.034 1.389 1.725 2.045 2.445 2.794 3.171 3.519 3.583 3.873 4.225 4.524 4.958 5.319 5.643] - http://previews.7digital.com/clips/34/5803960.clip.mp3
One Night Stand - 84.01 - [0.1216 0.5587 0.7493 1.004 1.438 1.701 1.815 2.008 2.158 2.431 2.746 3.036 3.339 3.57 3.704 3.895 4.127 4.324 4.603 5.027 5.322 5.643] - http://previews.7digital.com/clips/34/5068109.clip.mp3
The Getaway Plan - 83.51 - [0.2925 0.4527 0.6048 0.7785 1.005 1.331 1.707 2.038 2.24 2.602 2.786 3.147 3.327 3.502 3.681 3.844 4.024 4.226 4.586 4.97 5.462 5.661] - http://previews.7digital.com/clips/34/6658336.clip.mp3
FullMoon (containing excerpts from White Pearl, Black Oceans) - 80.97 - [0.1484 0.3342 0.4676 0.8788 1.263 1.455 1.635 2.012 2.198 2.691 2.958 3.214 3.498 4.032 4.38 4.768 4.972 5.297 5.66] - http://previews.7digital.com/clips/34/9351556.clip.mp3
Misery - 84.95 - [0.3214 0.531 0.687 0.8839 1.035 1.227 1.395 1.72 2.053 2.657 2.801 3.141 3.344 3.505 3.697 3.856 4.17 4.477 4.855 5.443 5.609] - http://previews.7digital.com/clips/34/1174027.clip.mp3
Sea Legs - 83.11 - [0.09233 0.2954 0.4695 0.6531 0.8506 1.045 1.204 1.428 1.6 1.967 2.153 2.333 2.518 2.721 2.845 3.053 3.295 3.713 3.813 4.231 4.41 4.581 4.794 4.968 5.159 5.341 5.538 5.734 5.882] - http://previews.7digital.com/clips/34/1145056.clip.mp3
I Love Her (Feat. Jim Jones) - 82.55 - [0.2245 0.5321 0.8624 1.001 1.2 1.397 1.768 1.841 2.129 2.511 2.866 3.237 3.411 3.586 3.962 4.323 4.66 5.042 5.49 5.768] - http://previews.7digital.com/clips/34/20260251.clip.mp3
Holiday (Digital Album Version) - 80.75 - [0.04055 0.1633 0.4019 0.5175 0.7383 0.8771 1.091 1.456 1.597 1.812 2.195 2.299 2.549 2.671 2.891 3.013 3.251 3.385 3.636 4.088 4.441 5.114 5.743] - http://previews.7digital.com/clips/34/466442.clip.mp3
Like The Last Time - 99.59 - [0.118 0.3932 0.5143 0.7188 1.009 1.305 1.468 1.619 1.724 1.914 2.21 2.368 2.624 2.954 3.262 3.43 3.848 4.184 4.341 4.446 4.616 4.771] - http://previews.7digital.com/clips/34/21726807.clip.mp3
When Will They Shoot? (Edited) - 95.59 - [0.2851 0.5909 0.8749 1.105 1.232 1.509 1.719 1.848 2.032 2.374 2.485 2.799 3.106 3.379 3.578 3.729 4.025 4.366 4.685 4.882 4.998] - http://previews.7digital.com/clips/34/1207744.clip.mp3
As I Come Back - 97.15 - [0.165 0.2949 0.5359 0.7623 0.9315 1.105 1.314 1.447 1.547 1.842 2.133 2.487 2.684 2.765 3.114 3.253 3.416 3.566 3.845 4.002 4.308 4.621] - http://previews.7digital.com/clips/34/6160740.clip.mp3
On My Mind - 99.91 - [0.123 0.2563 0.599 0.7092 0.9066 1.11 1.522 1.812 1.952 2.116 2.433 2.567 2.904 3.049 3.2 3.357 3.496 3.664 3.827 3.948 4.105 4.396 4.535 4.691 4.854] - http://previews.7digital.com/clips/34/805073.clip.mp3
Spit (Live 2001) - 97.06 - [0.4672 0.6173 0.7633 0.8964 1.228 1.396 1.522 1.854 2.15 2.457 2.812 2.952 3.126 3.433 3.736 4.031 4.664] - http://previews.7digital.com/clips/34/4013939.clip.mp3
Get Right [Amended Version] - 97.31 - [0.1281 0.3033 0.4775 0.7329 0.9247 1.161 1.366 1.517 1.662 1.743 1.963 2.097 2.21 2.376 2.62 2.759 2.898 3.02 3.489 3.769 3.984 4.156 4.327 4.477 4.604 4.849] - http://previews.7digital.com/clips/34/7488397.clip.mp3
I'm A Loner Dottie, A Rebel ((Live)) - 99.4 - [0.2056 0.5748 0.843 1.168 1.447 1.754 1.905 2.05 2.3 2.65 2.933 3.24 3.531 3.804 3.983 4.246 4.39 4.721] - http://previews.7digital.com/clips/34/6524520.clip.mp3
Children Go Where I Send Thee - 104 - [0.2522 0.5383 0.6873 0.8349 1.134 1.27 1.402 1.688 1.995 2.273 2.574 2.865 3.121 3.44 3.591 3.876 4.01 4.276 4.451 4.572] - http://previews.7digital.com/clips/34/10947025.clip.mp3
Anthem For The New Millenium Generation - 100 - [0.2564 0.5468 0.8656 0.9934 1.156 1.475 1.696 2.007 2.103 2.358 2.66 2.903 3.179 3.548 3.815 4.07 4.397 4.691] - http://previews.7digital.com/clips/34/6117831.clip.mp3
Tu Te Estas Calentando - 103.1 - [0.09173 0.1833 0.4041 0.5212 0.6939 0.8279 0.9676 1.13 1.269 1.414 1.711 1.99 2.141 2.314 2.587 2.894 3.024 3.191 3.314 3.475 3.684 4.079 4.357 4.683] - http://previews.7digital.com/clips/34/5979292.clip.mp3
With A Tear - 104.8 - [0.2847 0.5466 0.8072 1.115 1.364 1.696 1.963 2.188 2.479 2.827 3.083 3.378 3.646 3.907 4.198 4.499] - http://previews.7digital.com/clips/34/3207806.clip.mp3
Let It Roll - 103.8 - [0.4256 0.5471 1.122 1.691 1.894 2.306 2.429 2.759 2.822 3.421 3.735 4.019 4.257 4.517] - http://previews.7digital.com/clips/34/11776492.clip.mp3
Body Heat, Part 1 - 113.9 - [0.1676 0.2317 0.639 0.789 1.05 1.195 1.318 1.473 1.568 1.822 2.101 2.356 2.745 2.884 3.152 3.291 3.415 3.587 3.673 3.93 4.203] - http://previews.7digital.com/clips/34/5978546.clip.mp3
Movies - 112.8 - [0.2403 0.5143 0.9135 0.9946 1.181 1.355 1.842 2.104 2.365 2.632 3.021 3.133 3.567 3.838 3.921 4.17] - http://previews.7digital.com/clips/34/20642108.clip.mp3
Here Is My Heart - 115 - [0.2435 0.4472 0.7236 1.029 1.175 1.294 1.523 1.81 1.898 2.072 2.272 2.588 2.852 3.113 3.253 3.358 3.618 3.901 4.028 4.157] - http://previews.7digital.com/clips/34/5545766.clip.mp3
Savage - 110.1 - [0.1046 0.4834 0.7671 1.075 1.527 1.91 2.195 2.3 2.625 2.729 2.978 3.292 3.71 3.838 4.093] - http://previews.7digital.com/clips/34/13347820.clip.mp3
Made in Germany - 114 - [0.4102 0.8292 1.014 1.234 1.472 1.804 2.064 2.325 2.47 2.593 2.854 3.121 3.371 3.649 3.893 4.172] - http://previews.7digital.com/clips/34/6561228.clip.mp3
Just Like A Woman - 114.9 - [0.2448 0.4989 0.6828 1.004 1.242 1.497 1.771 2.043 2.28 2.526 2.827 3.118] - http://previews.7digital.com/clips/34/14098741.clip.mp3
Little Things (Live) - 110.7 - [0.03126 0.2812 0.5768 0.7634 1.111 1.338 1.587 1.913 2.174 2.47 2.725 3 3.242 3.511 3.712 4.061] - http://previews.7digital.com/clips/34/17686800.clip.mp3
Back To Prom - 116 - [0.2103 0.4659 0.7272 1.005 1.215 1.511 1.778 2.057 2.318 2.579 2.788 3.09 3.607 3.791 3.96] - http://previews.7digital.com/clips/34/16372254.clip.mp3
Dance, Dance, Dance To The Funk - 115.7 - [0.201 0.3514 0.486 0.7297 0.9858 1.263 1.519 1.757 2.029 2.216 2.558 2.79 2.929 3.063 3.342 3.556 3.852 3.986] - http://previews.7digital.com/clips/34/4421348.clip.mp3
Whatz Ya Phone # - 120 - [0.07436 0.2663 0.4463 0.6901 0.95 1.197 1.326 1.444 1.689 1.823 1.95 2.032 2.202 2.447 2.507 2.669 2.953 3.19 3.426 3.697 3.944] - http://previews.7digital.com/clips/34/12041892.clip.mp3
Come By Here (Nutty Mix) - 120 - [0.1155 0.3717 0.4958 0.6209 0.7457 0.8698 0.9944 1.122 1.369 1.492 1.619 1.852 1.997 2.119 2.37 2.496 2.62 2.745 2.871 2.996 3.101 3.37 3.494 3.612 3.85 3.988] - http://previews.7digital.com/clips/34/11980046.clip.mp3
Kiss The Devil - 116.9 - [0.01706 0.2651 0.5097 0.7805 1.032 1.287 1.548 1.804 2.048 2.298 2.552 2.826 3.081 3.337 3.587 3.841] - http://previews.7digital.com/clips/34/3708087.clip.mp3
That's Old Fashioned - 116.9 - [0.2385 0.4822 0.9815 1.285 1.51 1.771 2.027 2.555 2.793 3.077 3.552 3.832 4.058] - http://previews.7digital.com/clips/34/17665598.clip.mp3
Bring On The Dancing Horses (Extended Mix) - 117.5 - [0.08854 0.2452 0.3615 0.5174 0.78 0.9015 1.146 1.274 1.413 1.517 1.767 2.011 2.458 2.562 2.818 2.928 3.329 3.45 3.567 3.834] - http://previews.7digital.com/clips/34/1142824.clip.mp3
Love Don't Dance Here Anymore (C2 remix 1) - 119 - [0.1793 0.3435 0.4538 0.7186 0.9355 1.187 1.47 1.717 1.946 2.195 2.358 2.48 2.726 2.985 3.205 3.484 3.744 3.96] - http://previews.7digital.com/clips/34/11559386.clip.mp3
Sweet Juanita - 124.2 - [0.06642 0.3391 0.6938 0.9418 1.065 1.233 1.431 1.667 1.892 2.145 2.256 2.504 2.729 2.975 3.19 3.601 3.827] - http://previews.7digital.com/clips/34/8872437.clip.mp3
Who's Crying Now (Live Version) - 124.8 - [0.4159 0.5443 0.9448 1.165 1.381 1.885 2.17 2.652 3.133 3.637 3.87] - http://previews.7digital.com/clips/34/10916447.clip.mp3
I Could Say - 124 - [0.1894 0.438 0.5672 0.6962 0.822 0.9552 1.188 1.32 1.535 1.68 1.921 2.168 2.407 2.471 2.853 3.125 3.22 3.597 3.858] - http://previews.7digital.com/clips/34/4091439.clip.mp3
Dorothy Dreams Of Tornados - 124.6 - [0.1393 0.3248 0.6559 0.8179 1.126 1.271 1.59 2.079 2.264 2.56 3.088 3.315 3.611] - http://previews.7digital.com/clips/34/1127026.clip.mp3
Telephone (Glee Cast Version) - 122 - [0.2284 0.4603 0.8725 1.203 1.453 1.673 1.946 2.161 2.4 2.631 2.928 3.166 3.409 3.63 3.908] - http://previews.7digital.com/clips/34/10772750.clip.mp3
Midsummer Nights Dreamin' - 122.3 - [0.3677 0.8091 0.9135 1.412 1.879 2.369 2.857 3.362 3.862] - http://previews.7digital.com/clips/34/7101477.clip.mp3
(I Can't Get No) Satisfaction - 120.1 - [0.01634 0.4809 1.004 1.491 1.748 1.967 2.217 2.489 2.936 3.239 3.405 3.94] - http://previews.7digital.com/clips/34/20679150.clip.mp3
I Won't Change You - 121 - [0.2655 0.4918 0.7404 0.9964 1.235 1.457 1.765 2.001 2.227 2.495 2.75 2.988 3.238 3.487 3.732 3.946] - http://previews.7digital.com/clips/34/21610859.clip.mp3
Les Ví Morir (Les Ví Morir) - 123.2 - [0.231 0.4668 0.8168 1.212 1.496 1.958 2.309 2.686 2.964 3.19 3.696 3.929] - http://previews.7digital.com/clips/34/17968572.clip.mp3
Danger Zone - 126 - [0.1982 0.442 0.9292 1.15 1.394 1.644 1.876 2.085 2.311 2.601 2.834 3.055 3.309 3.554 3.786] - http://previews.7digital.com/clips/34/20835971.clip.mp3
Helicopter (Weird Science Remix feat. Peaches) - 130 - [0.1435 0.3353 0.6254 0.8457 1.053 1.374 1.6 1.74 2.175 2.518 2.755 2.994 3.203 3.441 3.656] - http://previews.7digital.com/clips/34/3032446.clip.mp3
Basic Elements - 129 - [0.1194 0.2271 0.4593 0.6931 0.8315 0.924 1.138 1.301 1.389 1.621 1.76 1.853 2.09 2.195 2.538 2.723 3 3.158 3.251 3.472 3.623 3.71] - http://previews.7digital.com/clips/34/11028153.clip.mp3
Dinner Lady Arms [Album Version] - 128 - [0.2201 0.4349 0.6891 0.9335 1.139 1.407 1.628 1.871 2.104 2.312 2.578 2.75 2.967 3.292 3.519] - http://previews.7digital.com/clips/34/1340493.clip.mp3
Perfume-V - 126.4 - [0.4531 0.6838 0.9352 1.271 1.41 1.654 1.87 2.362 2.606 2.831 3.296 3.726] - http://previews.7digital.com/clips/34/2080996.clip.mp3
Breakout - 130 - [0.2034 0.4301 0.9059 1.138 1.347 1.724 1.835 2.059 2.288 2.752 2.983 3.21 3.681] - http://previews.7digital.com/clips/34/3137095.clip.mp3
Be Quick Or Be Dead (Live At Donnington) (1998 Digital Remaster) - 133.5 - [0.2068 0.3993 0.6534 0.955 1.085 1.309 1.495 1.861 2.197 2.43 2.523 2.743 3.062 3.288] - http://previews.7digital.com/clips/34/14579477.clip.mp3
Magnificent 7 - 132.5 - [0.1812 0.3615 0.7208 0.8199 0.9984 1.215 1.499 1.702 1.876 2.179 2.549 2.823 3.054 3.27 3.501] - http://previews.7digital.com/clips/34/4790063.clip.mp3
Together We Will Conquer (Radio Mix) - 130.1 - [0.2191 0.3369 0.4521 0.5676 0.6835 0.7995 0.9095 1.136 1.258 1.375 1.6 1.721 1.828 2.065 2.18 2.297 2.407 2.529 2.646 2.756 2.988 3.105 3.215 3.446 3.566 3.676] - http://previews.7digital.com/clips/34/5642790.clip.mp3
Wrong Is Right - 133.7 - [0.1899 0.4401 0.8867 1.032 1.282 1.357 1.689 1.775 2.215 2.594 2.884 3.093 3.475] - http://previews.7digital.com/clips/34/3180759.clip.mp3
This Momentary - 139 - [0.1965 0.4154 0.6329 0.8539 1.049 1.282 1.393 1.497 1.717 1.915 2.147 2.333 2.739 3.011 3.198 3.424] - http://previews.7digital.com/clips/34/14088335.clip.mp3
Shadows On Your Side - 138 - [0.4149 0.635 0.9662 1.047 1.273 1.494 1.633 1.924 2.116 2.342 2.789 2.986 3.212 3.346] - http://previews.7digital.com/clips/34/10522.clip.mp3
Pretty Tied Up (The Perils Of Rock N' Roll Decadence) - 138.8 - [0.1637 0.3841 0.6045 0.7965 1.029 1.209 1.65 2.137 2.346 2.532 2.77 3.025 3.199 3.426] - http://previews.7digital.com/clips/34/20643153.clip.mp3
5.45 - 139.8 - [0.209 0.4182 0.6158 0.8532 1.051 1.492 1.689 1.916 2.125 2.241 2.363 2.541 2.763 2.972 3.186 3.398] - http://previews.7digital.com/clips/34/1434959.clip.mp3
Old Dogs - 135.9 - [0.1894 0.3795 1.031 1.5 1.853 2.342 2.812 3.041 3.265 3.672] - http://previews.7digital.com/clips/34/10796314.clip.mp3
Watch That Man (Live) [Stereo] - 135.8 - [0.1188 0.6067 0.8449 1.258 1.474 1.716 1.924 2.169 2.342 2.598 2.748 3.027 3.277 3.463] - http://previews.7digital.com/clips/34/22417.clip.mp3
Don't You Know Who I Think I Am? - 162.8 - [0.1553 0.3492 0.535 0.7326 0.9523 1.074 1.429 1.655 1.817 2.015 2.198 2.429 2.567 2.932] - http://previews.7digital.com/clips/34/17524684.clip.mp3
The Upwards War And The Down Turned Cycle - 166.7 - [0.1544 0.3872 0.7456 0.9032 1.072 1.263 1.472 1.628 1.96 2.174 2.308 2.529 2.86] - http://previews.7digital.com/clips/34/79760.clip.mp3
A Picture Of 'Em All (2002 Digital Remaster) - 161.2 - [0.1068 0.3099 0.4953 0.6751 0.8786 1.047 1.238 1.604 1.802 1.982 2.312 2.527 2.889] - http://previews.7digital.com/clips/34/1695122.clip.mp3
Hyena (Athens Demo) - 166.8 - [0.1857 0.3204 0.5459 0.7311 1.079 1.422 1.626 1.805 1.956 2.148 2.322 2.688] - http://previews.7digital.com/clips/34/14301927.clip.mp3
Dive Right In - 160 - [0.06983 0.3258 0.7048 0.8775 1.011 1.417 1.649 1.841 1.992 2.34 2.59 2.781 2.938] - http://previews.7digital.com/clips/34/471122.clip.mp3
The Mary Martin Show - 170.1 - [0.3559 0.4948 0.8561 1.052 1.372 1.732 1.918 2.277 2.434 2.8 3.137 3.323] - http://previews.7digital.com/clips/34/1193251.clip.mp3
Waitin' For A Superman - 170.4 - [0.325 0.6777 0.8436 1.006 1.375 1.715 2.066 2.399 2.777] - http://previews.7digital.com/clips/34/2373079.clip.mp3
Dinner Time - 171.8 - [0.0504 0.3109 0.5035 0.6346 0.8293 1.008 1.357 1.537 1.737 1.874 2.053 2.226 2.373 2.588 2.778] - http://previews.7digital.com/clips/34/23013109.clip.mp3
Spanish Castle Magic - 188.5 - [0.1576 0.3028 0.5929 1.057 1.221 1.45 1.587 1.911 2.526] - http://previews.7digital.com/clips/34/1346235.clip.mp3
Holiday (Digital Album Version) - 80.75 - [0.04055 0.1633 0.4019 0.5175 0.7383 0.8771 1.091 1.456 1.597 1.812 2.195 2.299 2.549 2.671 2.891 3.013 3.251 3.385 3.636 4.088 4.441 5.114 5.743] - http://previews.7digital.com/clips/34/466442.clip.mp3
Press On - 81 - [0.3396 0.5664 0.6497 0.7888 1.094 1.206 1.35 1.68 2.014 2.186 2.535 2.767 2.928 3.097 3.289 3.446 3.672 3.841 4.209 4.415 4.654 4.769 5.008 5.129 5.296 5.484 5.796 5.889] - http://previews.7digital.com/clips/34/20827183.clip.mp3
Not Going Away - 83.98 - [0.3315 0.6553 1.011 1.353 1.718 2.096 2.833 3.181 3.496 4.197 4.615 4.946 5.312 5.625] - http://previews.7digital.com/clips/34/5803960.clip.mp3
Sea Legs - 83.11 - [0.09233 0.2954 0.4695 0.6531 0.8506 1.045 1.204 1.428 1.6 1.967 2.153 2.333 2.518 2.721 2.845 3.053 3.295 3.713 3.813 4.231 4.41 4.581 4.794 4.968 5.159 5.341 5.538 5.734 5.882] - http://previews.7digital.com/clips/34/1145056.clip.mp3
Time Machine [Wayne's World Version] - 83.57 - [0.3332 0.4651 0.7074 0.8882 1.062 1.434 1.782 2.101 2.281 2.704 2.85 3.244 3.435 3.572 3.934 4.347 4.696 4.876 5.044 5.195 5.782] - http://previews.7digital.com/clips/34/6005644.clip.mp3
The Motivation Proclamation - 83.86 - [0.1586 0.414 0.6572 1.139 1.882 2.086 2.325 2.638 3.309 3.485 3.908 4.059 4.804 4.935 5.098 5.458] - http://previews.7digital.com/clips/34/6365419.clip.mp3
Precious Things (Live In Montreal 10/21/07) - 85.04 - [0.3422 0.7126 0.8807 1.236 1.423 1.591 1.898 2.107 2.314 2.473 2.63 2.978 3.14 3.715 4.047 4.249 4.447 4.597 4.888 5.056 5.302 5.614] - http://previews.7digital.com/clips/34/3415446.clip.mp3
Push - 84.28 - [0.1831 0.345 0.745 0.9904 1.361 1.76 2.115 2.481 2.795 3.189 3.549 3.886 4.263 4.373 4.611 4.983 5.668] - http://previews.7digital.com/clips/34/1281452.clip.mp3
Brain Of J. - 84.82 - [0.1365 0.4732 0.5831 0.9257 1.339 1.784 2.07 2.495 2.777 3.021 3.189 3.468 3.915 4.235 4.595 4.937 5.47] - http://previews.7digital.com/clips/34/10946716.clip.mp3
Afx237 v7 - 84.05 - [0.1414 0.3217 0.6767 0.8565 1.036 1.204 1.39 1.569 1.75 1.925 2.104 2.284 2.465 2.638 2.818 2.998 3.16 3.532 3.712 3.893 4.066 4.245 4.608 4.786 4.96 5.134 5.5 5.672] - http://previews.7digital.com/clips/34/5893304.clip.mp3
Rockin' Robin - 86.77 - [0.2005 0.3103 0.52 0.6541 0.8393 0.984 1.123 1.222 1.318 1.483 1.872 1.977 2.198 2.528 2.679 2.871 3.009 3.178 3.37 3.613 3.712 3.91 4.281 4.409 4.734 4.92 5.286] - http://previews.7digital.com/clips/34/20790758.clip.mp3
Another Journey By Train - 87.85 - [0.1334 0.476 0.6322 0.9634 1.323 1.66 1.991 2.322 2.688 2.861 3.198 3.356 3.715 3.889 4.03 4.372 4.692 5.021 5.41] - http://previews.7digital.com/clips/34/600479.clip.mp3
300 M.P.H. Torrential Outpour Blues [Live] - 86.46 - [0.09668 0.4139 0.9841 1.332 1.512 1.668 1.878 2.39 2.929 3.261 3.782 4.119 4.485 4.746 4.88 5.111 5.483] - http://previews.7digital.com/clips/34/8480233.clip.mp3
Ne bouge pas - 88.01 - [0.316 0.403 0.6467 1.106 1.455 1.801 1.936 2.139 2.36 2.621 3.009 3.161 3.468 3.834 4.136 4.565 4.693 4.868 5.197 5.39] - http://previews.7digital.com/clips/34/5408095.clip.mp3
Scream With Me - 89.76 - [0.2973 0.5925 0.9886 1.253 1.634 1.969 2.442 2.614 3.002 3.095 3.594 4.024 4.21 4.367 4.698 5.319] - http://previews.7digital.com/clips/34/7351935.clip.mp3
Hound Dog (Live at Little Rock) - 88.87 - [0.4272 0.6884 0.8911 1.049 1.171 1.362 1.855 2.128 2.576 2.983 3.161 3.288 3.44 3.768 4.055] - http://previews.7digital.com/clips/34/10422952.clip.mp3
19-2000 - 89.92 - [0.2943 0.5407 0.6504 0.9864 1.311 1.649 1.828 2.162 2.321 2.623 2.982 3.308 3.646 3.953 4.315 4.499 4.82 5.259] - http://previews.7digital.com/clips/34/16263576.clip.mp3
Artie - 89.92 - [0.4633 0.6605 0.9882 1.353 1.955 2.338 2.674 3.295 3.668 4 4.335 4.747 5.409] - http://previews.7digital.com/clips/34/6197211.clip.mp3
Feng Shui - 90.93 - [0.1195 0.2417 0.4101 0.5898 0.7463 0.9143 1.27 1.583 1.751 1.925 2.099 2.215 2.406 2.639 2.761 2.876 3.121 3.457 3.55 4.009 4.201 4.52 4.85 5.048 5.21] - http://previews.7digital.com/clips/34/1173609.clip.mp3
Crionics - 91.87 - [0.181 0.2969 0.6222 0.8358 0.9823 1.191 1.621 1.841 2.277 2.596 2.811 2.921 3.078 3.449 3.699 3.78 4.186 4.524 4.79 4.97 5.104] - http://previews.7digital.com/clips/34/6197187.clip.mp3
The Best Of Both Worlds - 91.3 - [0.03389 0.5854 0.9691 1.08 1.34 1.962 2.27 2.409 2.938 3.187 3.471 3.61 3.744 3.843 3.983 4.081 4.292 4.603 4.748 4.992 5.236] - http://previews.7digital.com/clips/34/20824968.clip.mp3
Bossy Lady - 91.01 - [0.1181 0.2481 0.747 0.9229 1.225 1.473 1.705 1.92 2.096 2.245 2.541 2.744 2.918 3.087 3.365 3.568 3.894 4.236 4.352 4.562 4.886 5.223] - http://previews.7digital.com/clips/34/5971880.clip.mp3
Love, Hate, Love (Live) - 92.41 - [0.3339 0.6064 0.9314 1.25 1.57 1.872 2.191 2.354 2.836 3.137 3.781 4.375 4.988] - http://previews.7digital.com/clips/34/6389702.clip.mp3
Froggie Went a Courtin' - 93.98 - [0.2436 0.5512 0.766 0.9286 1.132 1.231 1.55 1.91 2.182 2.531 2.873 3.123 3.448 3.76 4.121 4.382 4.528 4.759 5.073] - http://previews.7digital.com/clips/34/3513051.clip.mp3
Five Becomes Four - 93.01 - [0.2943 0.5902 0.9096 1.246 1.438 1.595 1.884 2.245 2.54 2.831 3.196 3.528 3.841 4.179 4.485 4.822 5.118] - http://previews.7digital.com/clips/34/1163612.clip.mp3
That's How I Like It - 93.57 - [0.279 0.5293 1.013 1.148 1.5 1.825 2.347 2.482 3.131 3.592 3.735 3.985 4.252 4.362 4.867 5.041] - http://previews.7digital.com/clips/34/4616228.clip.mp3
Life In California (feat. Jayo Felony & WC) - 94.96 - [0.1742 0.3954 0.6281 0.9433 1.109 1.259 1.347 1.59 1.891 1.974 2.263 2.433 2.652 2.892 3.152 3.516 3.783 4.027 4.278 4.599 4.755 4.918] - http://previews.7digital.com/clips/34/10865058.clip.mp3
When Will They Shoot? (Edited) - 95.59 - [0.2851 0.5909 0.8749 1.105 1.232 1.509 1.719 1.848 2.032 2.374 2.485 2.799 3.106 3.379 3.578 3.729 4.025 4.366 4.685 4.882 4.998] - http://previews.7digital.com/clips/34/1207744.clip.mp3
Welcome To The Family - 94.99 - [0.2445 0.5623 0.9118 1.08 1.369 1.561 1.863 2.071 2.46 2.833 3.145 3.459 3.581 3.743 3.912 4.051 4.393 4.695 5.032] - http://previews.7digital.com/clips/34/10211522.clip.mp3
Stand (Bonus Track) - 95.02 - [0.1728 0.4673 0.647 0.9268 1.187 1.535 1.739 1.907 2.192 2.517 3.167 3.492 3.642 3.748 3.968 4.263 4.397 4.682 5.019] - http://previews.7digital.com/clips/34/16405962.clip.mp3
Good Day To Die - 95.69 - [0.2577 0.4507 0.607 0.8043 1.246 1.426 1.542 1.867 2.186 2.494 2.801 2.959 3.115 3.423 3.701 4.02 4.189 4.355 4.653 4.978] - http://previews.7digital.com/clips/34/20889232.clip.mp3
As I Come Back - 97.15 - [0.296 0.4007 0.6159 0.7777 0.9228 1.127 1.237 1.439 1.546 1.781 1.863 2.05 2.357 2.484 2.694 2.793 2.874 3.118 3.326 3.64 3.797 3.959 4.29 4.83] - http://previews.7digital.com/clips/34/6160740.clip.mp3
Get Right [Amended Version] - 97.31 - [0.1281 0.3033 0.4775 0.7329 0.9247 1.161 1.366 1.517 1.662 1.743 1.963 2.097 2.21 2.376 2.62 2.759 2.898 3.02 3.489 3.769 3.984 4.156 4.327 4.477 4.604 4.849] - http://previews.7digital.com/clips/34/7488397.clip.mp3
What Can I Do? (Westside Remix) () - 96.15 - [0.2375 0.3741 0.5047 0.9233 1.004 1.184 1.502 1.661 1.805 2.103 2.264 2.435 2.751 3.045 3.341 3.539 3.678 3.925 4.278 4.469 4.602 4.812 4.928] - http://previews.7digital.com/clips/34/232393.clip.mp3
You Didn't Mean Anything To Me - 98.59 - [0.23 0.5208 0.7987 1.148 1.339 1.734 1.966 2.088 2.407 2.657 3.017 3.289 3.637 4.236 4.526 4.805] - http://previews.7digital.com/clips/34/1341966.clip.mp3
Torch Song - 98.05 - [0.1209 0.5955 0.9677 1.218 1.537 1.984 2.246 2.413 2.727 2.89 3.29] - http://previews.7digital.com/clips/34/6542796.clip.mp3
My Way (DJ Premier Remix/Edited Version) - 98.61 - [0.2534 0.5439 0.8855 1.053 1.136 1.485 1.792 2.02 2.303 2.401 2.692 3.016 3.301 3.615 3.917 4.224 4.526 4.799] - http://previews.7digital.com/clips/34/5557753.clip.mp3
A Funky Space Reincarnation - 103 - [0.3065 0.4288 0.5858 0.7484 1.038 1.322 1.479 1.756 2.06 2.344 2.64 2.949 3.4 3.703 3.993 4.108 4.416 4.69] - http://previews.7digital.com/clips/34/6522057.clip.mp3
Leash (2011 Remaster) - 103.4 - [0.4444 0.5602 1.002 1.426 1.71 2.314 2.754 2.922 3.213 3.474 3.608 3.747 4.061 4.478] - http://previews.7digital.com/clips/34/13167247.clip.mp3
With A Tear - 104.8 - [0.2847 0.5466 0.8072 1.115 1.364 1.696 1.963 2.188 2.479 2.827 3.083 3.378 3.646 3.907 4.198 4.499] - http://previews.7digital.com/clips/34/3207806.clip.mp3
Easy as you go - 105.3 - [0.2353 0.5893 0.862 1.105 1.251 1.413 1.553 1.756 2.035 2.302 2.627 2.992 3.189 3.44 3.811 4.042 4.38 4.583] - http://previews.7digital.com/clips/34/8490219.clip.mp3
Always All Ways (Apologies, Glances and Messed Up Chances) - 104.8 - [0.2409 0.5162 0.8587 1.131 1.388 1.719 1.991 2.286 2.532 2.874 3.156 3.431 3.736 3.956 4.271 4.418 4.538] - http://previews.7digital.com/clips/34/5463774.clip.mp3
You Can't Catch Me - 104.2 - [0.2858 0.5289 0.8368 1.104 1.43 1.59 1.69 2.021 2.13 2.312 2.451 2.564 2.875 3.043 3.157 3.334 3.445 3.624 3.728 3.886 3.989 4.268 4.464] - http://previews.7digital.com/clips/34/20811846.clip.mp3
Velvet Rope - 107.6 - [0.2741 0.3783 0.5291 0.8141 1.069 1.354 1.638 1.923 2.206 2.625 2.752 3.002 3.292 3.589 3.751 3.878 4.128 4.413] - http://previews.7digital.com/clips/34/317225.clip.mp3
Crush With Eyeliner - 106.8 - [0.186 0.4789 0.7734 1.027 1.3 1.585 1.892 2.126 2.456 2.706 3.001 3.302 3.595 3.866 4.133 4.406] - http://previews.7digital.com/clips/34/3677163.clip.mp3
All My Life - 106 - [0.3263 0.5294 0.8195 1.098 1.307 1.388 1.562 1.655 1.951 2.207 2.509 2.793 2.956 3.049 3.333 3.577 3.838 4.198 4.37 4.5] - http://previews.7digital.com/clips/34/2316402.clip.mp3
Don't Be Cruel - 109.8 - [0.1872 0.5291 0.9637 1.144 1.348 1.534 1.789 1.917 2.027 2.253 2.434 2.735 2.979 3.217 3.513 3.77 4.046 4.361] - http://previews.7digital.com/clips/34/3672811.clip.mp3
Got No Shorty - 108.7 - [0.217 0.5363 0.9425 1.349 1.57 1.855 2.156 2.606 3.009 3.278] - http://previews.7digital.com/clips/34/5830678.clip.mp3
Little Things (Live) - 110.7 - [0.03126 0.2812 0.5768 0.7634 1.111 1.338 1.587 1.913 2.174 2.47 2.725 3 3.242 3.511 3.712 4.061] - http://previews.7digital.com/clips/34/17686800.clip.mp3
The Eternal [High Wycombe Town Hall Live 13 July 1979] (Sound Check) - 110.1 - [0.7299 1.072 1.403 2.1 3.33 3.511 4.38] - http://previews.7digital.com/clips/34/3845240.clip.mp3
House Arrest - 112 - [0.2516 0.5242 0.7854 1.058 1.308 1.592 1.882 2.103 2.458 2.631 3.078 3.206 3.473 3.734 3.961 4.245] - http://previews.7digital.com/clips/34/4772565.clip.mp3
Cinammon Girl (Live Album Version) - 110.6 - [0.2618 0.5169 0.8886 1.046 1.533 1.876 2.108 2.341 2.712 2.961 3.211 3.478 3.745 4.07 4.331] - http://previews.7digital.com/clips/34/6316281.clip.mp3
Body Heat, Part 1 - 113.9 - [0.1676 0.2317 0.639 0.789 1.05 1.195 1.318 1.473 1.568 1.822 2.101 2.356 2.745 2.884 3.152 3.291 3.415 3.587 3.673 3.93 4.203] - http://previews.7digital.com/clips/34/5978546.clip.mp3
New Power Generation (Pt.II) (LP Version) - 113 - [0.1158 0.2433 0.4045 0.522 0.7844 1.044 1.288 1.508 1.809 2.083 2.345 2.5 2.641 2.877 3.076 3.588 3.895 4.081] - http://previews.7digital.com/clips/34/1181181.clip.mp3
You Would Know - 112.4 - [0.03074 0.2285 0.8622 1.075 1.36 1.623 1.854 2.15 2.405 2.988 3.236 3.463 3.772 3.992] - http://previews.7digital.com/clips/34/12903208.clip.mp3
Dance, Dance, Dance To The Funk - 115.7 - [0.201 0.3514 0.486 0.7297 0.9858 1.263 1.519 1.757 2.029 2.216 2.558 2.79 2.929 3.063 3.342 3.556 3.852 3.986] - http://previews.7digital.com/clips/34/4421348.clip.mp3
Just Like A Woman - 114.9 - [0.2448 0.4989 0.6828 1.004 1.242 1.497 1.771 2.043 2.28 2.526 2.827 3.118] - http://previews.7digital.com/clips/34/14098741.clip.mp3
Can't Get Any Harder - 114 - [0.1168 0.3491 0.4998 0.7557 1.011 1.285 1.58 1.694 1.818 1.951 2.142 2.346 2.561 2.727 2.869 3.147 3.292 3.397 3.652 3.797 3.925 4.064] - http://previews.7digital.com/clips/34/6161210.clip.mp3
Paper Cup Exit - 114.9 - [0.2567 0.531 0.792 1.064 1.305 1.563 1.845 2.099 2.648 2.912 3.122 3.401 3.665 4.209] - http://previews.7digital.com/clips/34/20760507.clip.mp3
Astro Zombies - 116.7 - [0.1974 0.4862 0.7377 0.9794 1.136 1.502 1.751 2.001 2.235 2.506 2.768 3.191 3.499 3.766 4.06] - http://previews.7digital.com/clips/34/22860646.clip.mp3
2nd Movement Of The Odyssey - 117.5 - [0.2517 0.5062 0.6346 0.8904 1.261 1.503 1.772 1.913 2.027 2.172 2.283 2.544 2.806 2.933 3.068 3.316 3.588 3.839 3.967] - http://previews.7digital.com/clips/34/14674395.clip.mp3
Whatz Ya Phone # - 120 - [0.07436 0.2663 0.4463 0.6901 0.95 1.197 1.326 1.444 1.689 1.823 1.95 2.032 2.202 2.447 2.507 2.669 2.953 3.19 3.426 3.697 3.944] - http://previews.7digital.com/clips/34/12041892.clip.mp3
Hot Legs [Live Unplugged Version] - 118.9 - [0.2823 0.4453 0.7764 0.9929 1.275 1.531 1.78 2.041 2.517 3.005 3.291 3.566 3.806] - http://previews.7digital.com/clips/34/4460325.clip.mp3
Send Him Away - 119.1 - [0.286 0.4909 0.8185 0.993 1.154 1.311 1.474 1.822 1.979 2.305 2.491 2.831 2.977 3.308 3.5 3.826 3.988] - http://previews.7digital.com/clips/34/5357680.clip.mp3
The End - 120.2 - [0.1028 0.3419 0.7407 0.8924 0.967 1.113 1.328 1.484 1.716 1.948 2.221 2.482 2.621 2.737 2.866 3.115 3.353 3.492 3.736 3.929] - http://previews.7digital.com/clips/34/2268478.clip.mp3
Quicksand - 120.9 - [0.229 0.456 0.9361 1.227 1.471 1.96 2.22 2.411 2.662 2.958 3.165 3.445 3.898] - http://previews.7digital.com/clips/34/7207418.clip.mp3
Harlem Shuffle (London Mix) - 121.4 - [0.2113 0.4258 0.6966 0.9192 1.076 1.413 1.924 2.411 2.696 2.951 3.183 3.404 3.926] - http://previews.7digital.com/clips/34/13527571.clip.mp3
Midsummer Nights Dreamin' - 122.3 - [0.3677 0.8091 0.9135 1.412 1.879 2.369 2.857 3.362 3.862] - http://previews.7digital.com/clips/34/7101477.clip.mp3
Pennies From Heaven (Count De Money Remix) - 123.3 - [0.09233 0.3421 0.5552 0.7026 0.8417 0.9464 1.168 1.328 1.428 1.557 1.689 1.799 1.917 2.143 2.298 2.401 2.504 2.637 2.89 3.141 3.385 3.629 3.767 3.866] - http://previews.7digital.com/clips/34/5779647.clip.mp3
Danger Zone - 126 - [0.1982 0.442 0.9292 1.15 1.394 1.644 1.876 2.085 2.311 2.601 2.834 3.055 3.309 3.554 3.786] - http://previews.7digital.com/clips/34/20835971.clip.mp3
Who's Crying Now (Live Version) - 124.8 - [0.4159 0.5443 0.9448 1.165 1.381 1.885 2.17 2.652 3.133 3.637 3.87] - http://previews.7digital.com/clips/34/10916447.clip.mp3
I Could Say - 124 - [0.1894 0.438 0.5672 0.6962 0.822 0.9552 1.188 1.32 1.535 1.68 1.921 2.168 2.407 2.471 2.853 3.125 3.22 3.597 3.858] - http://previews.7digital.com/clips/34/4091439.clip.mp3
I'll Be In The Sky - 125 - [0.2617 0.4304 0.7509 0.8937 1.237 1.388 1.864 2.188 2.353 2.677 2.829 3.161 3.373 3.636 3.791] - http://previews.7digital.com/clips/34/5673940.clip.mp3
The Reeling - 125 - [0.1052 0.2141 0.4257 0.7091 0.9544 1.067 1.174 1.401 1.661 1.855 2.014 2.135 2.343 2.622 2.86 3.085 3.322 3.591 3.812] - http://previews.7digital.com/clips/34/20503189.clip.mp3
Confusion [Remastered Original 12" Version] - 127.1 - [0.2215 0.4707 0.8194 0.9355 1.173 1.289 1.643 1.751 1.875 2.12 2.334 2.672 2.81 3.054 3.536 3.749] - http://previews.7digital.com/clips/34/6316518.clip.mp3
Susie Cincinnati (24-Bit Remastered 99) (2000 Digital Remaster) - 126.1 - [0.2024 0.47 0.7089 0.935 1.19 1.427 1.66 1.892 2.113 2.368 2.583 2.833 3.302 3.569 3.784] - http://previews.7digital.com/clips/34/13215.clip.mp3
Because Of You (Sunfreakz Remix) - 126 - [0.2104 0.3406 0.4509 0.6867 0.8114 0.9325 1.163 1.293 1.403 1.639 1.763 1.885 2.123 2.245 2.355 2.591 2.721 2.837 3.067 3.197 3.307 3.544 3.673 3.789] - http://previews.7digital.com/clips/34/4569031.clip.mp3
Helicopter (Weird Science Remix feat. Peaches) - 130 - [0.1435 0.3353 0.6254 0.8457 1.053 1.374 1.6 1.74 2.175 2.518 2.755 2.994 3.203 3.441 3.656] - http://previews.7digital.com/clips/34/3032446.clip.mp3
Superstar - 129 - [0.2333 0.4336 0.6579 0.9054 1.147 1.376 1.609 1.795 2.225 2.299 2.511 2.747 2.871 3.002 3.182 3.454 3.704] - http://previews.7digital.com/clips/34/1210044.clip.mp3
Break It Up - 128.2 - [0.4032 0.6351 1.105 1.355 1.849 2.191 2.308 2.749 3.213 3.426 3.52] - http://previews.7digital.com/clips/34/16781375.clip.mp3
Love Dump - 130.1 - [0.2111 0.439 0.7742 0.8901 1.129 1.344 1.719 1.812 2.051 2.266 2.526 2.638 2.733 2.98 3.203 3.559 3.665] - http://previews.7digital.com/clips/34/6914686.clip.mp3
The Girls Want To Be With The Girls (2005 Remastered Version ) - 130.1 - [0.1941 0.416 0.6696 0.8787 1.116 1.238 1.336 1.587 1.801 2.039 2.266 2.509 2.731 2.98 3.183 3.427 3.659] - http://previews.7digital.com/clips/34/5684771.clip.mp3
Be Quick Or Be Dead (Live At Donnington) (1998 Digital Remaster) - 133.5 - [0.2068 0.3993 0.6534 0.955 1.085 1.309 1.495 1.861 2.197 2.43 2.523 2.743 3.062 3.288] - http://previews.7digital.com/clips/34/14579477.clip.mp3
Magnificent 7 - 132.5 - [0.1585 0.3221 0.676 0.8157 1.014 1.216 1.524 1.721 1.936 2.161 2.447 2.765 2.865 3.085 3.48] - http://previews.7digital.com/clips/34/4790063.clip.mp3
#1 Fan [Feat. Keyshia Cole & J. Holiday] - 133 - [0.1764 0.6468 0.8851 1.071 1.552 1.755 2.04 2.238 2.459 2.684 2.911 3.167 3.358 3.58] - http://previews.7digital.com/clips/34/10866955.clip.mp3
Night Is Young (Manhattan Clique Remix) - 134 - [0.1912 0.4162 0.6132 0.8694 1.096 1.328 1.547 2.001 2.216 2.436 2.645 2.883 3.122 3.319 3.569] - http://previews.7digital.com/clips/34/11265214.clip.mp3
Milk It (Demo) - 134.7 - [0.4136 0.6455 0.8852 1.075 1.324 1.539 1.779 2.194 2.636 2.891 3.117 3.558] - http://previews.7digital.com/clips/34/13132217.clip.mp3
Watch That Man (Live) [Stereo] - 135.8 - [0.1188 0.6067 0.8449 1.258 1.474 1.716 1.924 2.169 2.342 2.598 2.748 3.027 3.277 3.463] - http://previews.7digital.com/clips/34/22417.clip.mp3
Turn Into - 134.5 - [0.1701 0.4307 0.6397 0.8722 1.29 1.523 1.76 1.953 2.191 2.428 2.654 3.084 3.322 3.549] - http://previews.7digital.com/clips/34/5978812.clip.mp3
Talk You Down - 136 - [0.2857 0.6102 0.8479 1.064 1.512 1.731 2.051 2.173 2.613 2.822 3.05 3.284 3.501] - http://previews.7digital.com/clips/34/4253907.clip.mp3
Shadows On Your Side - 138 - [0.4149 0.635 0.9662 1.047 1.273 1.494 1.633 1.924 2.116 2.342 2.789 2.986 3.212 3.346] - http://previews.7digital.com/clips/34/10522.clip.mp3
Sun/Rise/Light/Flies - 136.2 - [0.3694 0.863 1.31 1.537 1.687 2.134 2.715 2.883 3.069 3.377] - http://previews.7digital.com/clips/34/5465050.clip.mp3
The Wolf - 137.6 - [0.1635 0.3841 0.6103 0.8135 1.063 1.249 1.493 1.69 1.929 2.143 2.241 2.596 3.014 3.234 3.362] - http://previews.7digital.com/clips/34/5958828.clip.mp3
Pretty Tied Up (The Perils Of Rock N' Roll Decadence) - 138.8 - [0.1637 0.3841 0.6045 0.7965 1.029 1.209 1.65 2.137 2.346 2.532 2.77 3.025 3.199 3.426] - http://previews.7digital.com/clips/34/20643153.clip.mp3
A Pink Dream - 139.1 - [0.207 0.4168 0.8046 1.171 1.275 1.496 1.793 2.14 2.35 2.565 2.889 3 3.203] - http://previews.7digital.com/clips/34/600531.clip.mp3
Tommy's Holiday Camp (40th Anniversary Version Live At Leeds) - 138 - [0.4264 0.6166 0.7515 0.8615 1.035 1.309 1.436 1.675 2.121 2.348 2.597 2.77 3.032 3.177 3.479] - http://previews.7digital.com/clips/34/11440396.clip.mp3
Get Behind The Mule - 138.9 - [0.1546 0.3905 0.6203 0.8314 1.061 1.264 1.479 1.653 1.884 2.108 2.301 2.525 2.718 2.896 3.207 3.411] - http://previews.7digital.com/clips/34/7158721.clip.mp3
Stuck Inside Of Mobile With The Memphis Blues Again - 141.2 - [0.1542 0.3421 0.5713 0.7809 0.9585 1.191 1.408 1.646 1.849 2.04 2.249 2.486 2.701 2.899 3.091 3.355] - http://previews.7digital.com/clips/34/3111916.clip.mp3
Tigerlily - 142 - [0.13 0.4142 0.7616 1.04 1.237 1.435 1.662 1.871 2.092 2.252 2.503 2.718 2.915 3.124 3.339] - http://previews.7digital.com/clips/34/6606491.clip.mp3
Panama - 141.3 - [0.3833 0.61 0.8071 1.039 1.242 1.439 1.673 2.061 2.473 2.735 2.914 3.129 3.344] - http://previews.7digital.com/clips/34/72173.clip.mp3
War (New Album Version) - 140.1 - [0.2058 0.4032 0.8445 1.059 1.274 1.483 1.704 1.924 2.128 2.551 2.749 2.987 3.056 3.422] - http://previews.7digital.com/clips/34/6260051.clip.mp3
Prisoners Of Rock 'N' Roll - 142.7 - [0.2311 0.4405 0.8523 1.282 1.7 1.937 2.118 2.351 2.541 2.687 2.966 3.366] - http://previews.7digital.com/clips/34/20827899.clip.mp3
Anyone Out There (Live at Hammersmith Odeon, 17th December 1981) - 143.8 - [0.1552 0.3865 0.5674 0.7581 0.9653 1.211 1.385 1.629 1.796 2.035 2.186 2.453 2.611 2.865 3.051 3.272] - http://previews.7digital.com/clips/34/8415399.clip.mp3
Slob - 143.8 - [0.1698 0.6292 1.383 2.033 2.434 2.883 3.084 3.259] - http://previews.7digital.com/clips/34/5529080.clip.mp3
Doodle Bee - 146 - [0.01343 0.2224 0.4024 0.6289 0.8158 1.023 1.216 1.442 1.628 1.848 2.039 2.278 2.446 2.667 2.84 3.079] - http://previews.7digital.com/clips/34/9015266.clip.mp3
Everybody Wants Some!! - 144.2 - [0.1577 0.3797 0.566 0.773 1.012 1.22 1.434 1.649 2.032 2.277 2.491 2.661 2.892 3.298] - http://previews.7digital.com/clips/34/71518.clip.mp3
DOA - 145.8 - [0.1464 0.5423 0.8092 1.152 1.367 1.785 2.023 2.232 2.417 2.754 2.864 3.033] - http://previews.7digital.com/clips/34/4918906.clip.mp3
Bathwater - 146.2 - [0.3356 0.6633 0.8221 1.048 1.217 1.593 1.862 1.984 2.328 2.454 2.698 2.896 3.284] - http://previews.7digital.com/clips/34/8339399.clip.mp3
Under The Gun - 146.8 - [0.157 0.3485 0.6386 0.7841 1.197 1.603 1.87 1.997 2.23 2.566 2.816 3.17] - http://previews.7digital.com/clips/34/6880460.clip.mp3
Lay Down, Stay Down (2004 Digital Remaster) - 146.1 - [0.1994 0.2962 0.6004 0.7801 1.017 1.203 1.337 1.609 2.242 2.439 2.619 2.881 3.269] - http://previews.7digital.com/clips/34/6333863.clip.mp3
The Only One - 147.9 - [0.3506 0.5039 0.7475 1.134 1.536 1.957 2.347 2.771 3.159] - http://previews.7digital.com/clips/34/6528725.clip.mp3
Peraza II - 149.4 - [0.1446 0.3545 0.5576 0.6625 0.7512 0.963 1.156 1.353 1.561 1.753 1.95 2.277 2.363 2.572 2.665 2.769 2.985 3.06 3.17] - http://previews.7digital.com/clips/34/3198775.clip.mp3
Fryin' Up - 149.6 - [0.2155 0.4011 0.5869 0.7552 0.9872 1.196 1.574 2.004 2.23 2.41 2.805 3.037] - http://previews.7digital.com/clips/34/6626480.clip.mp3
The Last Song - 148.9 - [0.3529 0.7724 0.9685 1.177 1.386 1.566 1.915 2.362 2.751 3.18] - http://previews.7digital.com/clips/34/4918910.clip.mp3
Secret Loser - 150.9 - [0.1678 0.371 0.7424 1.155 1.596 1.973 2.158 2.356 2.96 3.156] - http://previews.7digital.com/clips/34/5378282.clip.mp3
Talking Bout - 150 - [0.1533 0.5597 0.757 0.9547 1.146 1.35 1.55 1.95 2.162 2.365 2.562 2.748 2.958 3.148] - http://previews.7digital.com/clips/34/14332903.clip.mp3
The Takedown - 152 - [0.00528 0.3888 0.7766 1.176 1.391 1.542 1.954 2.355 2.755 3.127] - http://previews.7digital.com/clips/34/1163606.clip.mp3
Jonathan Low Soundtrack Version - 152 - [0.1576 0.3573 0.5539 0.7313 1.153 1.557 1.749 1.923 2.082 2.272 2.736 2.931 3.099] - http://previews.7digital.com/clips/34/9523155.clip.mp3
Walking Contradiction - 154.8 - [0.2189 0.3065 0.5099 0.882 1.143 1.264 1.479 1.88 2.238 2.629 3.028] - http://previews.7digital.com/clips/34/2281613.clip.mp3
The Sharpest Lives - 155 - [0.1568 0.5345 0.7487 0.9406 1.317 1.526 1.718 2.084 2.304 2.491 2.682 2.869 3.064] - http://previews.7digital.com/clips/34/487884.clip.mp3
Running On Ice - 157.5 - [0.1115 0.298 0.5065 0.6921 0.8724 1.052 1.255 1.464 1.65 1.812 2.028 2.213 2.399 2.753 2.963] - http://previews.7digital.com/clips/34/6361657.clip.mp3
Hair Of The Dog - 158 - [0.1983 0.3784 0.5467 0.7263 0.936 1.336 1.673 2.091 2.503 2.799] - http://previews.7digital.com/clips/34/1342023.clip.mp3
Gone - 156.1 - [0.3528 0.5371 0.9297 1.114 1.461 1.687 1.895 2.284 2.662 3.005] - http://previews.7digital.com/clips/34/3529227.clip.mp3
Jaded - 159.3 - [0.1637 0.3901 0.5811 0.726 0.953 1.144 1.317 1.539 1.887 2.101 2.311 2.572 2.852] - http://previews.7digital.com/clips/34/2281610.clip.mp3
Cold Sweat - 158.9 - [0.1273 0.3468 0.7415 0.9215 1.107 1.322 1.467 1.868 2.065 2.292 2.425 2.622 2.825] - http://previews.7digital.com/clips/34/8375409.clip.mp3
Instrumental - 161.2 - [0.1627 0.3386 0.531 0.8911 1.087 1.262 1.452 1.64 1.813 2.005 2.4 2.591 2.778 2.951] - http://previews.7digital.com/clips/34/20882596.clip.mp3
Be The Young - 160.3 - [0.4444 0.7291 0.9609 1.269 1.495 1.762 2.238 2.447 2.755] - http://previews.7digital.com/clips/34/13095715.clip.mp3
Don't You Know Who I Think I Am? - 162.8 - [0.1553 0.3492 0.535 0.7326 0.9523 1.074 1.429 1.655 1.817 2.015 2.198 2.429 2.567 2.932] - http://previews.7digital.com/clips/34/17524684.clip.mp3
Digital [Live at Birmingham University] [2007 Re-mastered] - 162.8 - [0.3364 0.5165 0.6571 1.075 1.224 1.44 1.637 1.782 1.973 2.144 2.52 2.689 2.89] - http://previews.7digital.com/clips/34/3845230.clip.mp3
Gone Daddy Gone/I Just Want To Make Love To You - 164.1 - [0.1503 0.3513 0.5298 0.7129 0.902 1.088 1.265 1.436 1.628 1.811 1.996 2.179 2.351 2.539 2.729 2.907] - http://previews.7digital.com/clips/34/1193634.clip.mp3
Heidi Is A Head Case - 164.3 - [0.01414 0.3224 0.6354 0.8561 1.03 1.367 1.662 1.837 2 2.191 2.358 2.517 2.72 2.893] - http://previews.7digital.com/clips/34/4735150.clip.mp3
Holiday (Live) - 165 - [0.0757 0.4297 0.8599 1.173 1.463 1.58 1.805 1.922 2.294 2.578 2.689 2.908] - http://previews.7digital.com/clips/34/13071163.clip.mp3
Hyena (Athens Demo) - 166.8 - [0.1857 0.3204 0.5459 0.7311 1.079 1.422 1.626 1.805 1.956 2.148 2.322 2.688] - http://previews.7digital.com/clips/34/14301927.clip.mp3
It's Been A Summer - 167.9 - [0.1376 0.3114 0.6766 0.8466 1.041 1.209 1.558 1.761 1.923 2.261 2.468 2.648] - http://previews.7digital.com/clips/34/5781063.clip.mp3
Rockin' At the Philharmonic - 166.9 - [0.142 0.2578 0.4492 0.6359 0.8779 0.9944 1.246 1.355 1.564 1.971 2.081 2.325 2.459 2.673 2.801] - http://previews.7digital.com/clips/34/23417234.clip.mp3
Waitin' For A Superman - 170.4 - [0.325 0.6777 0.8436 1.006 1.375 1.715 2.066 2.399 2.777] - http://previews.7digital.com/clips/34/2373079.clip.mp3
All The Things - 170.2 - [0.1501 0.3304 0.4948 0.8009 1.022 1.208 1.527 1.904 2.275 2.617] - http://previews.7digital.com/clips/34/5822864.clip.mp3
Dreamesque - 175 - [0.1615 0.2974 0.6772 0.8466 1.009 1.189 1.535 1.691 2.046 2.222 2.394 2.554 2.9 3.075 3.417] - http://previews.7digital.com/clips/34/2199580.clip.mp3
Fighting (Live) - 180.5 - [0.2677 0.4419 0.5752 0.936 1.062 1.608 1.974 2.278 2.618] - http://previews.7digital.com/clips/34/3197825.clip.mp3
The Number Won (Competition) - 182.4 - [0.00065 0.3841 0.6861 0.828 1.014 1.36 1.504 1.679 1.888 2.033 2.166 2.369] - http://previews.7digital.com/clips/34/16745383.clip.mp3
2000 Light Years Away (Vinyl Album Version) - 186 - [0.1164 0.4647 0.5907 0.8929 1.045 1.207 1.399 1.672 1.842 2.153 2.283 2.449] - http://previews.7digital.com/clips/34/14685282.clip.mp3
Phönix - 192 - [0.1295 0.2858 0.438 0.5854 0.9013 1.058 1.23 1.389 1.526 1.842 2.156 2.463] - http://previews.7digital.com/clips/34/1379892.clip.mp3
Late (Live Abbey Road Studios) - 197.9 - [0.2054 0.5375 0.8787 1.066 1.315 1.449 1.64 1.754 2.231] - http://previews.7digital.com/clips/34/20707767.clip.mp3
Spanish Magic Castle - 198.2 - [0.1435 0.4624 0.7497 1.02 1.195 1.333 1.601 2.083 2.2] - http://previews.7digital.com/clips/34/16175075.clip.mp3
Hände Hoch - 199.9 - [0.2608 0.4116 0.7167 0.8669 1.023 1.169 1.32 1.467 1.772 2.061 2.369] - http://previews.7digital.com/clips/34/1379931.clip.mp3
Need You Now - 122.3 - [0.2014 0.4633 0.7016 0.8352 0.9522 1.194 1.434 1.687 1.811 1.931 2.17 2.42 2.651 2.79 2.908 3.139 3.406 3.632 3.778 3.894] - http://previews.7digital.com/clips/34/20310522.clip.mp3
Mixed Bizness - 135 - [0.177 0.3729 0.6463 0.8212 1.081 1.27 1.517 1.748 1.993 2.203 2.416 2.743 2.84 3.264 3.519] - http://previews.7digital.com/clips/34/5781531.clip.mp3
JFK's LSD - 147.7 - [0.09054 0.4038 0.7866 1.199 1.588 2.017 2.406 2.83 3.236] - http://previews.7digital.com/clips/34/20342684.clip.mp3
Waterpumpee 2004 (English Version) - 143.3 - [0.1592 0.3899 0.7621 1.012 1.191 1.437 1.661 1.819 2.032 2.433 2.641 2.873 3.183] - http://previews.7digital.com/clips/34/125445.clip.mp3
A  political Cartoon - 144 - [0.2074 0.4106 0.624 0.8274 1.041 1.244 1.457 1.665 1.855 2.077 2.191 2.272 2.495 2.707 2.911 3.125] - http://previews.7digital.com/clips/34/9831847.clip.mp3
Mission From God - 114.7 - [0.2338 0.5241 0.7677 1.064 1.441 1.545 1.853 2.103 2.335 2.474 2.607 2.742 2.881 3.148 3.426 3.688 3.832 4.112 4.262] - http://previews.7digital.com/clips/34/7417598.clip.mp3
Chasing Pirates (Santigold and Snotty Remix) - 107 - [0.4126 0.5115 0.8431 1.104 1.499 1.672 1.909 2.087 2.229 2.643 2.796 3.061 3.194 3.323 3.756 3.926 4.204 4.471] - http://previews.7digital.com/clips/34/7871374.clip.mp3
One More Time - 113 - [3e-05 0.2772 0.5512 0.8044 1.085 1.338 1.621 1.855 2.141 2.391 2.676 2.931 3.196 3.47 3.72 3.993] - http://previews.7digital.com/clips/34/4989342.clip.mp3
Spanish Magic Castle - 198.2 - [0.1435 0.4624 0.7497 1.02 1.195 1.333 1.601 2.083 2.2] - http://previews.7digital.com/clips/34/16175075.clip.mp3
Mississippi Goddamn - 80.01 - [0.3254 0.6915 1.056 1.458 1.801 2.189 2.358 2.583 2.926 3.321 3.513 3.716 3.907 4.476 4.651 5.045 5.215 5.579] - http://previews.7digital.com/clips/34/16851885.clip.mp3
Ack Like You Know - 81.04 - [0.1466 0.3508 0.4819 0.6538 1.026 1.222 1.373 1.493 1.611 1.882 2.249 2.622 2.726 2.975 3.273 3.384 3.613 3.844 4.094 4.461 4.867 5.175 5.599 5.679] - http://previews.7digital.com/clips/34/2316356.clip.mp3
Wait Until Tonight - 85.09 - [0.2455 0.3676 0.678 0.9549 1.069 1.342 1.609 1.794 2.091 2.485 2.654 2.998 3.193 3.344 3.507 3.71 3.878 4.07 4.211 4.373 4.619 4.791 4.913 5.27] - http://previews.7digital.com/clips/34/16960178.clip.mp3
Priceless - 80.01 - [0.3134 0.7066 1.036 1.328 1.76 2.036 2.196 2.409 2.577 2.876 3.318 3.7 4.039 4.341 4.809 5.03 5.186 5.592 5.711 5.891] - http://previews.7digital.com/clips/34/2316379.clip.mp3
On Parole  (Live) - 87.51 - [0.2608 0.615 0.9411 1.323 1.689 2.026 2.362 2.758 3.094 3.449 3.778 3.889 4.167 4.527 4.847 5.207 5.272 5.584] - http://previews.7digital.com/clips/34/12416198.clip.mp3
Line Of Fire - 86.17 - [0.08255 0.2344 0.594 0.8026 0.9177 1.191 1.29 1.545 1.645 1.912 2.005 2.358 2.701 2.939 3.259 3.642 3.954 4.088 4.273 4.426 4.738 4.959 5.342] - http://previews.7digital.com/clips/34/3141917.clip.mp3
Receipt (Album Version (Edited)) - 87.03 - [0.3353 0.4163 0.6841 0.7961 0.9737 1.136 1.357 1.549 1.717 1.804 2.059 2.216 2.408 2.489 2.707 2.873 3.081 3.241 3.441 3.584 3.923 4.079 4.33 4.559 4.817 4.932 5.24 5.455] - http://previews.7digital.com/clips/34/5336595.clip.mp3
Sing To The Lord - 84.68 - [0.1837 0.4046 0.6897 0.9206 1.188 1.589 1.746 2.094 2.325 2.667 2.773] - http://previews.7digital.com/clips/34/4795148.clip.mp3
Steve McQueen - 84.98 - [0.3414 0.511 0.6436 1.004 1.224 1.403 1.578 1.718 1.933 2.072 2.275 2.438 2.827 3.076 3.425 3.703 3.877 4.022 4.243 4.376 4.568 4.708 4.899 5.29 5.618] - http://previews.7digital.com/clips/34/5521897.clip.mp3
So Long Dearie - 83.98 - [0.2441 0.5624 0.7077 1.068 1.405 1.665 1.758 2.119 2.461 2.739 2.85 3.181 3.459 3.575 3.802 3.9 4.271 4.544 4.864 4.963 5.178] - http://previews.7digital.com/clips/34/17346717.clip.mp3
Four - 87.26 - [0.1644 0.4776 0.9534 1.146 1.343 1.691 1.877 2.051 2.218 2.504 2.73 3.113 3.467 3.676 4.279 4.617 4.86 4.994 5.313] - http://previews.7digital.com/clips/34/17344741.clip.mp3
My game flexible - 86.7 - [0.2146 0.4342 0.6902 0.9288 1.143 1.363 1.649 1.787 2.015 2.253 2.485 2.721 2.984 3.168 3.299 3.457 3.628 3.801 4.01 4.301 4.668 4.995 5.146] - http://previews.7digital.com/clips/34/17485259.clip.mp3
Uncle Otis - 89.71 - [0.2746 0.6303 0.8259 1.087 1.282 1.513 1.809 1.964 2.104 2.407 2.65 2.95 3.08 3.239 3.595 3.862 3.959 4.414 4.704 5.105 5.327] - http://previews.7digital.com/clips/34/17485267.clip.mp3
Narcissistic Cannibal (feat. Skrillex & Kill The Noise) [The Juggernaut Remix] - 87.5 - [0.00164 0.3384 0.6811 0.9728 1.361 1.708 2.045 2.395 2.569 2.663 3.079 3.405 3.763 4.059 4.448 4.791 5.122 5.456] - http://previews.7digital.com/clips/34/17535506.clip.mp3
Amire vágysz - 84.52 - [0.1653 0.3271 0.519 0.6816 0.8617 1.053 1.203 1.366 1.576 1.738 1.936 2.091 2.301 2.446 2.756 2.998 3.174 3.392 3.526 3.74 3.891 4.072 4.245 4.6 4.757 4.941 5.128 5.302 5.472 5.668] - http://previews.7digital.com/clips/34/17461889.clip.mp3
Csak ennyi ez - 85.5 - [0.1465 0.3337 0.4552 0.6712 0.8684 1.207 1.402 1.75 2.058 2.298 2.452 2.806 3.133 3.387 3.515 3.701 3.868 4.153 4.461 4.721 4.926 5.25 5.574] - http://previews.7digital.com/clips/34/17461917.clip.mp3
Játssz még! - 85.99 - [0.3468 0.5208 0.6369 1.014 1.393 1.553 1.897 2.083 2.246 2.738 2.966 3.124 3.31 3.469 3.824 4.008 4.125 4.323 4.503 4.711 4.828 5.048 5.369] - http://previews.7digital.com/clips/34/17461904.clip.mp3
(You Make Me Feel Like) A Natural Woman - 81.43 - [0.02021 0.3616 0.7211 0.8492 1.186 1.557 2.103 2.759 3.182 3.752 4.297] - http://previews.7digital.com/clips/34/17611607.clip.mp3
We Will Rock You - 83.26 - [0.4408 0.5976 1.043 1.392 2.072 2.448 2.782 3.445 3.726 3.86 4.063 4.219 4.568 4.916 5.249 5.655] - http://previews.7digital.com/clips/34/17611673.clip.mp3
Runaway (with Bonnie Raitt) - 80.3 - [0.00414 0.758 0.9555 1.461 1.745 1.879 2.152 2.28 2.441 2.83 3.003 3.37 3.573 3.747 3.98 4.143 4.49 4.88 5.27 5.449 5.814] - http://previews.7digital.com/clips/34/17611650.clip.mp3
Swing (Live at Dairy Studios, London '09) - 84.67 - [0.07671 0.663 1.115 1.479 1.858 2.067 2.601 2.84 3.501 3.96 4.14 4.378 4.69 4.865 4.935 5.434 5.684] - http://previews.7digital.com/clips/34/17672884.clip.mp3
Easy Money - 82.01 - [0.2483 0.6786 1.271 1.387 1.595 1.801 1.991 2.142 2.34 2.684 2.845 3.616 4.273 4.365 4.731 5.096 5.532 5.81] - http://previews.7digital.com/clips/34/17738695.clip.mp3
Kinda Girl You Are - 82.83 - [0.1698 0.5351 0.7142 0.9952 1.447 1.598 2.161 2.365 2.637 2.858 3.189 3.531 3.96 4.28 4.762 5.081 5.418 5.685 5.783] - http://previews.7digital.com/clips/34/20486267.clip.mp3
Celebration - 88.67 - [0.01261 0.13 0.3793 0.6349 0.8271 0.9818 1.076 1.233 1.472 1.652 2.016 2.167 2.342 2.417 2.581 2.738 2.882 3.009 3.352 3.549 3.689 3.944 4.321 4.554 4.704 4.803 5.051] - http://previews.7digital.com/clips/34/17653953.clip.mp3
This Is Like (Album Version (Edited)) - 83.97 - [0.04063 0.2652 0.4271 0.5898 0.9783 1.28 1.501 2.001 2.25 2.412 2.726 2.947 3.122 3.184 3.47 3.831 4.185 4.357 4.484 4.747 5.106 5.245 5.625] - http://previews.7digital.com/clips/34/17653959.clip.mp3
Points Of Authority/99 Problems/One Step Closer (Amended Version) - 94.99 - [0.2833 0.4457 0.6024 0.9207 1.073 1.189 1.526 1.856 2.059 2.49 2.965 3.122 3.429 3.603 3.755 4.056 4.37 4.707 5.002] - http://previews.7digital.com/clips/34/7556568.clip.mp3
Der Schein der Lüge - 93.32 - [0.08723 0.2369 0.446 0.5392 0.7014 0.953 1.166 1.409 1.601 1.975 2.141 2.344 2.564 2.67 2.837 2.988 3.134 3.4 3.751 3.945] - http://previews.7digital.com/clips/34/17338274.clip.mp3
Woo Hah!! Got You All In Check - 92.06 - [0.2546 0.4168 0.6262 0.7544 0.9105 1.125 1.3 1.543 1.791 1.942 2.101 2.27 2.415 2.594 2.867 3.039 3.244 3.558 3.642 3.836 3.975 4.154 4.305 4.489 4.718 4.858 5.01 5.208] - http://previews.7digital.com/clips/34/519989.clip.mp3
Deport Them - 96.1 - [0.0532 0.219 0.374 0.6148 0.8477 0.9853 1.204 1.457 1.674 1.913 2.089 2.24 2.417 2.6 2.864 3.141 3.407 3.49 3.702 3.941 4.112 4.422 4.597 4.899] - http://previews.7digital.com/clips/34/1525761.clip.mp3
Long Gone Blues (GXR Remix) - 96.04 - [0.1634 0.239 0.7728 0.9128 1.155 1.388 1.516 1.719 1.864 2.015 2.179 2.329 2.499 2.654 2.802 3.118 3.272 3.589 3.739 3.901 4.047 4.216 4.355 4.53 4.67 4.83 4.982] - http://previews.7digital.com/clips/34/5779639.clip.mp3
Thank God It's Christmas - 98 - [0.2538 0.5272 0.8359 1.135 1.444 1.6 1.729 1.949 2.207 2.39 2.518 2.693 2.977 3.145 3.284 3.452 3.761 4.044 4.248 4.503 4.776] - http://previews.7digital.com/clips/34/22215134.clip.mp3
All day - 92.25 - [0.3835 0.4882 0.5697 0.7253 0.8194 1.051 1.232 1.314 1.527 1.789 1.864 2.055 2.439 2.532 2.851 3.089 3.315 3.479 3.774 4.035 4.169 4.343 4.778 5.011] - http://previews.7digital.com/clips/34/17485241.clip.mp3
Losing My Mind - 99.98 - [0.7114 0.8452 1.472 1.733 1.971 2.343 2.65 2.986 3.249 4.107 4.398 4.761] - http://previews.7digital.com/clips/34/20401255.clip.mp3
Really Doe (Digitally Remastered 03) - 96.89 - [0.2609 0.5273 0.7305 0.8694 1.099 1.193 1.503 1.813 2.073 2.335 2.743 2.991 3.261 3.572 3.645 3.987 4.12 4.301 4.594 4.91] - http://previews.7digital.com/clips/34/282523.clip.mp3
Hit Me Down Sonny - 92.02 - [0.155 0.3356 0.6305 0.9563 1.27 1.618 1.925 2.134 2.274 2.576 3.11 3.249 3.546 3.899 4.219 4.556 4.73 4.852 5.2] - http://previews.7digital.com/clips/34/17480897.clip.mp3
Guggenheim - 97.03 - [0.1801 0.3485 0.5798 1.021 1.23 1.48 1.596 1.81 2.055 2.46 3.023 3.372 3.494 3.709 3.918 4.266 4.62 4.918] - http://previews.7digital.com/clips/34/17574816.clip.mp3
Érezd! - 91.99 - [0.1422 0.4675 0.6179 0.9717 1.279 1.465 1.599 1.9 2.248 2.446 2.596 2.748 2.899 3.09 3.394 3.55 3.822 4.168 4.507 4.867 5.058 5.21] - http://previews.7digital.com/clips/34/17461911.clip.mp3
Jaded/The Train Kept A-Rollin' - 92.79 - [0.2129 0.7508 0.995 1.263 1.5 1.982 2.144 2.736 3.248 3.428 3.648 3.931 4.449] - http://previews.7digital.com/clips/34/17611677.clip.mp3
Rockaway Beach - 99.91 - [0.1835 0.4803 0.6079 0.9144 1.183 1.49 1.839 2.129 2.42 2.57 2.872 3.022 3.313 3.58 3.931 4.172 4.51] - http://previews.7digital.com/clips/34/17611681.clip.mp3
Teenage Lobotomy - 97.84 - [0.2994 0.5955 0.9097 1.205 1.483 1.651 1.768 2.14 2.424 2.738 3.056 3.359 3.671] - http://previews.7digital.com/clips/34/17611680.clip.mp3
Born Under A Bad Sign - 91.05 - [0.2705 0.631 0.8195 0.948 1.249 1.562 1.913 2.59 2.865 3.231 3.397 3.543 3.863 4.008 4.183 4.481 4.839 5.159] - http://previews.7digital.com/clips/34/17611591.clip.mp3
Love And Happiness - 96.92 - [0.1559 0.5867 0.9152 1.081 1.191 1.472 1.706 1.845 2.121 2.456 2.6 2.749 3.055 3.301 3.374 3.558 3.691 4 4.33 4.499 4.661 4.951] - http://previews.7digital.com/clips/34/17611668.clip.mp3
Big River - 98.44 - [0.3002 0.597 1.088 1.194 1.508 1.781 2.123 2.327 2.42 2.762 3.047 3.354 3.547 3.65 3.97 4.231 4.573 4.747 4.881] - http://previews.7digital.com/clips/34/17611577.clip.mp3
Backstreets - 92.15 - [0.03829 0.3346 0.6834 1.02 1.316 1.646 1.967 2.36 2.792 2.912 3.257 3.581 3.909 4.2 4.369 4.515 4.812] - http://previews.7digital.com/clips/34/17611652.clip.mp3
Blue Suede Shoes - 92.66 - [0.1504 0.3829 0.7721 1.224 1.527 1.904 2.084 2.182 2.328 2.49 2.804 3.013 3.343 3.43 3.767 4.162 4.336 4.696 5.085] - http://previews.7digital.com/clips/34/17611651.clip.mp3
Life of a Salesman - 92.5 - [0.2852 0.5874 0.9064 1.11 1.289 1.586 1.76 1.87 2.224 2.415 2.549 2.706 3.049 3.176 3.548 3.884 4.024 4.199 4.332 4.511 4.831 5.115] - http://previews.7digital.com/clips/34/17569219.clip.mp3
Mississippi Goddamn - 80.01 - [0.3254 0.6915 1.056 1.458 1.801 2.189 2.358 2.583 2.926 3.321 3.513 3.716 3.907 4.476 4.651 5.045 5.215 5.579] - http://previews.7digital.com/clips/34/16851885.clip.mp3
Ack Like You Know - 81.04 - [0.1466 0.3508 0.4819 0.6538 1.026 1.222 1.373 1.493 1.611 1.882 2.249 2.622 2.726 2.975 3.273 3.384 3.613 3.844 4.094 4.461 4.867 5.175 5.599 5.679] - http://previews.7digital.com/clips/34/2316356.clip.mp3
Wait Until Tonight - 85.09 - [0.2455 0.3676 0.678 0.9549 1.069 1.342 1.609 1.794 2.091 2.485 2.654 2.998 3.193 3.344 3.507 3.71 3.878 4.07 4.211 4.373 4.619 4.791 4.913 5.27] - http://previews.7digital.com/clips/34/16960178.clip.mp3
Priceless - 80.01 - [0.3134 0.7066 1.036 1.328 1.76 2.036 2.196 2.409 2.577 2.876 3.318 3.7 4.039 4.341 4.809 5.03 5.186 5.592 5.711 5.891] - http://previews.7digital.com/clips/34/2316379.clip.mp3
Many Men (Wish Death) - 108.1 - [0.3607 0.5293 0.6924 1.296 1.388 1.666 1.847 2.009 2.166 2.404 2.482 2.637 2.758 3.153 3.339 3.507 3.871 4.205 4.641 4.819 5.001 5.301 5.441] - http://previews.7digital.com/clips/34/6956432.clip.mp3
Keep It Together - 103.1 - [0.2815 0.445 0.5494 0.8619 1.152 1.425 1.606 1.733 2.024 2.195 2.296 2.61 2.778 2.898 3.067 3.178 3.445 3.776 3.944 4.044 4.334 4.52 4.651] - http://previews.7digital.com/clips/34/125134.clip.mp3
(White Man) In Hammersmith Palais - 102.7 - [0.2002 0.4958 0.7749 1.066 1.356 1.965 2.255 2.563 2.813 3.15 3.422 3.713 4.049 4.303 4.63] - http://previews.7digital.com/clips/34/5923732.clip.mp3
Have A Nice Day - 108.2 - [0.09295 0.3824 0.6449 0.8309 0.9622 1.2 1.509 1.755 1.868 2.046 2.299 2.617 2.855 3.028 3.268 3.401 3.57 3.819 3.97 4.113 4.344] - http://previews.7digital.com/clips/34/5464815.clip.mp3
Fearless - 100 - [0.2756 0.5282 1.16 1.485 1.761 2.155 2.38 2.68 2.964 3.26 3.423 3.879 4.12 4.508 4.782] - http://previews.7digital.com/clips/34/4627358.clip.mp3
Tattoo - 100.1 - [0.1956 0.4808 0.7887 1.084 1.374 1.577 1.705 1.862 2.001 2.274 2.611 2.906 3.184 3.505 3.702 3.807 4.102 4.312 4.671] - http://previews.7digital.com/clips/34/21073074.clip.mp3
Many Men (Wish Death) - 108.1 - [0.3607 0.5293 0.6924 1.296 1.388 1.666 1.847 2.009 2.166 2.404 2.482 2.637 2.758 3.153 3.339 3.507 3.871 4.205 4.641 4.819 5.001 5.301 5.441] - http://previews.7digital.com/clips/34/6956432.clip.mp3
Have A Nice Day - 108.2 - [0.2679 0.4188 0.5002 0.6748 0.8319 0.9779 1.078 1.226 1.372 1.528 1.767 1.94 2.187 2.312 2.481 2.722 2.873 3.025 3.163 3.278 3.403 3.583 3.704 3.935 4.099 4.261 4.351] - http://previews.7digital.com/clips/34/5464815.clip.mp3
One Love (Clean Remix) - 108.3 - [0.07126 0.414 0.7391 0.9488 1.035 1.385 1.692 2.031 2.335 2.666 2.963 3.317 3.63 3.769 3.95 4.129 4.281 4.594] - http://previews.7digital.com/clips/34/6427904.clip.mp3
Soul Killing - 108.1 - [0.2193 0.4922 0.7116 1.05 1.328 1.595 1.883 2.14 2.443 2.711 3.005 3.275 3.54 3.83 4.11 4.376] - http://previews.7digital.com/clips/34/17574820.clip.mp3
Peace Frog [Live at Felt Forum, New York CIty, January 18, 1970 Second Show] - 106.3 - [0.2525 0.53 0.8214 0.9725 1.238 1.552 1.635 1.905 2.122 2.737 3.062 3.213 3.501 3.77 3.863 4.165 4.467] - http://previews.7digital.com/clips/34/17768015.clip.mp3
Jump (MTV Hard Rock Live Version) - 109.1 - [0.2246 0.4842 0.7819 1.008 1.588 2 2.442 2.674 3.08 3.487 3.765 4.062 4.195 4.322] - http://previews.7digital.com/clips/34/197916.clip.mp3
Too Much Food [Eagles Ballroom Live Version] - 108.7 - [0.1675 0.4462 0.8643 1.149 1.43 1.555 1.851 2.17 2.431 2.582 2.849 3.14 3.419 3.697 3.848 4.003 4.278 4.424] - http://previews.7digital.com/clips/34/1139696.clip.mp3
Nothing [Live at Pasadena Rose Bowl, June 18, 1988] - 108.4 - [0.2723 0.545 0.8237 1.102 1.375 1.654 1.926 2.176 2.484 2.763 2.896 3.036 3.302 3.593 3.871 4.144 4.411] - http://previews.7digital.com/clips/34/6877079.clip.mp3
Tell The Truth Live From Madison Square Garden - 105.8 - [0.312 0.577 0.8742 1.16 1.45 1.727 2.03 2.313 2.594 2.889 3.168 3.458 3.744 4.01 4.318] - http://previews.7digital.com/clips/34/5191835.clip.mp3
Fainting Spells - 105 - [0.2362 0.5205 0.7175 0.8453 1.09 1.374 1.514 1.67 2.251 2.662 2.837 3.057 3.388 3.917 4.514] - http://previews.7digital.com/clips/34/21009684.clip.mp3
Bibi - 115 - [0.1612 0.2625 0.3829 0.5177 0.6541 0.7733 0.953 1.176 1.394 1.527 1.818 1.933 2.078 2.363 2.479 2.602 2.741 2.862 3.031 3.123 3.263 3.513 3.641 3.895 4.041 4.168] - http://previews.7digital.com/clips/34/17319893.clip.mp3
Confusion (Arthur Baker 12" Mix) (Edit) - 119.1 - [0.1049 0.24 0.3504 0.4895 0.6113 0.7447 0.8623 0.9798 1.112 1.237 1.365 1.494 1.622 1.747 1.871 1.996 2.127 2.26 2.377 2.498 2.625 2.759 2.876 3.003 3.131 3.252 3.38 3.508 3.635 3.755 3.886 3.996] - http://previews.7digital.com/clips/34/1374235.clip.mp3
Keine Angst - 112 - [0.1138 0.3284 0.4799 0.8099 1.019 1.169 1.401 1.569 1.736 1.928 2.284 2.615 2.717 2.94 3.196 3.347 3.868 4.032 4.338 4.603 4.723 5.051 5.318] - http://previews.7digital.com/clips/34/1379923.clip.mp3
Marr (Kris Meja Remix) - 116.7 - [0.2473 0.4917 0.7602 0.8947 1.025 1.275 1.527 1.79 1.927 2.054 2.304 2.547 2.817 2.925 3.082 3.332 3.589 3.846 3.966 4.107] - http://previews.7digital.com/clips/34/17448732.clip.mp3
Silence - 115 - [0.2387 0.5046 1.026 1.555 2.077 2.588 3.105 3.634 3.89 4.162] - http://previews.7digital.com/clips/34/17574804.clip.mp3
Share My Love - 110.1 - [0.3758 0.4796 0.7694 1.331 1.599 1.866 2.005 2.156 2.284 2.43 2.703 2.964 3.109 3.387 3.665 4.035 4.194] - http://previews.7digital.com/clips/34/17555753.clip.mp3
Új híd - 115 - [0.189 0.4665 0.7392 1.002 1.29 1.489 2.071 2.301 2.538 2.858 3.323 3.59 3.851 4.112] - http://previews.7digital.com/clips/34/17461882.clip.mp3
Stronger (What Doesn't Kill You) (Hotline's Miami Vice Club Remix) - 118 - [0.154 0.3109 0.4429 0.6656 0.9706 1.221 1.453 1.716 1.982 2.231 2.487 2.742 2.986 3.253 3.439 3.764 4.025] - http://previews.7digital.com/clips/34/17575893.clip.mp3
Sweet Jane - 112.7 - [0.2272 0.7429 1.016 1.52 1.823 2.061 2.328 2.862 3.094 3.628 3.936 4.186] - http://previews.7digital.com/clips/34/17611608.clip.mp3
Akarat - 115 - [0.255 0.4992 0.7617 1.045 1.311 1.515 1.788 1.932 2.223 2.316 2.594 2.792 3.349 3.592 3.877] - http://previews.7digital.com/clips/34/17461896.clip.mp3
Rapture - 112.2 - [0.2225 0.3333 0.7391 0.9606 1.262 1.459 1.836 1.987 2.115 2.376 2.528 2.632 2.926 3.073 3.137 3.443 3.583 3.723 3.961 4.298] - http://previews.7digital.com/clips/34/17611722.clip.mp3
I Heard It Through The Grapevine - 111.4 - [0.2172 0.5012 0.9384 1.208 1.314 1.482 1.599 1.773 1.866 2.138 2.416 2.579 2.707 2.976 3.12 3.514 3.95 4.339] - http://previews.7digital.com/clips/34/17611625.clip.mp3
Volunteers - 111.8 - [0.2457 0.3962 0.53 1.053 1.331 1.586 2.021 2.143 2.428 2.696 2.938 3.259 3.79 4.054 4.199] - http://previews.7digital.com/clips/34/17611619.clip.mp3
Two Step - 119.1 - [0.1611 0.3934 0.5029 0.7345 0.9902 1.246 1.47 1.733 1.976 2.225 2.458 2.703 2.934 3.179 3.3 3.428 3.642] - http://previews.7digital.com/clips/34/6333883.clip.mp3
Betrayed - 130 - [0.4426 0.6636 0.8442 1.341 1.581 1.807 2.033 2.51 2.765 2.974 3.218 3.658] - http://previews.7digital.com/clips/34/131163.clip.mp3
Faded (Wideboys Electro Club Mix) - 128 - [0.2134 0.3992 0.9099 1.148 1.374 1.85 2.086 2.216 2.785 3.012 3.203 3.685] - http://previews.7digital.com/clips/34/9920112.clip.mp3
Hot-n-Fun (Wideboys Club Remix) - 128.2 - [0.1158 0.3572 0.5486 0.6925 0.9216 1.096 1.395 1.561 1.728 1.998 2.08 2.177 2.441 2.795 2.962 3.272 3.396 3.614] - http://previews.7digital.com/clips/34/20901443.clip.mp3
Evacuate The Dancefloor (Cahill Remix) - 128 - [0.2137 0.3292 0.4457 0.6833 0.9156 1.148 1.269 1.386 1.624 1.833 2.089 2.204 2.32 2.557 2.68 2.791 3.029 3.145 3.261 3.499 3.702] - http://previews.7digital.com/clips/34/9920139.clip.mp3
Why You Had To Leave - 128 - [0.2016 0.4437 0.6715 0.8743 1.11 1.343 1.565 1.836 2.033 2.319 2.567 2.749 3.008 3.198 3.405 3.504 3.738] - http://previews.7digital.com/clips/34/9920092.clip.mp3
You Talk Way Too Much - 128.2 - [0.1712 0.4492 0.653 0.8091 1.129 1.308 1.57 1.825 2.063 2.283 2.516 2.76 2.968 3.154 3.439 3.647] - http://previews.7digital.com/clips/34/12854871.clip.mp3
The Sun Always Shines On T.V. (Extended Version) [Bonus Track] - 125.7 - [0.2228 0.471 0.7078 0.7927 0.9192 1.068 1.305 1.399 1.655 1.904 2.138 2.382 2.617 2.719 2.841 2.956 3.216 3.322 3.573 3.81] - http://previews.7digital.com/clips/34/10010735.clip.mp3
Single Ladies (Put A Ring On It) (DJ Escape & Tony Coluccio Remix Club Version) - 128 - [0.2254 0.45 0.5793 0.6955 0.9213 1.159 1.393 1.514 1.636 1.857 2.1 2.326 2.454 2.57 2.796 3.034 3.268 3.395 3.511 3.732] - http://previews.7digital.com/clips/34/7781033.clip.mp3
World On Fire (Junkie XL Club Mix) - 134 - [0.2138 0.4225 0.6605 0.8632 1.102 1.316 1.555 1.775 2.001 2.222 2.448 2.674 2.865 3.117 3.343 3.568] - http://previews.7digital.com/clips/34/17020135.clip.mp3
(You Gotta ) Fight For Your Right (To Party) - 133.7 - [0.4475 0.6853 0.8942 1.347 1.806 2.223 2.438 2.699 2.919 3.152 3.535] - http://previews.7digital.com/clips/34/212179.clip.mp3
Frau Kommissar? - 138.7 - [0.1267 0.3425 0.5123 0.8244] - http://previews.7digital.com/clips/34/17338280.clip.mp3
Just Be (Wally Lopez La Factoria Vocal Remix) - 130.1 - [0.09791 0.2232 0.4486 0.6858 0.9073 1.13 1.361 1.591 1.72 1.825 1.944 2.069 2.295 2.532 2.753 2.976 3.207 3.437 3.566 3.671] - http://previews.7digital.com/clips/34/10952686.clip.mp3
Traffic (Max Walder Remix) - 137 - [0.2108 0.4374 0.542 0.6522 0.8727 1.088 1.314 1.419 1.529 1.749 1.964 2.15 2.295 2.405 2.62 2.841 3.061 3.172 3.281 3.497] - http://previews.7digital.com/clips/34/10952663.clip.mp3
Evacuate The Dancefloor (Ultrabeat Remix) - 144 - [0.1813 0.3932 0.6015 0.8105 1.014 1.228 1.43 1.64 1.819 2.058 2.268 2.477 2.643 2.883 3.097 3.307] - http://previews.7digital.com/clips/34/9845059.clip.mp3
I Cant Be With You - 142.2 - [0.201 0.5653 0.763 1.007 1.2 1.623 1.908 2.215 2.412 2.64 2.842 3.249] - http://previews.7digital.com/clips/34/17236205.clip.mp3
Desperate Andy - 146.3 - [0.2065 0.3503 0.6348 1.081 1.198 1.431 1.843 2.012 2.377 2.831 3.236] - http://previews.7digital.com/clips/34/17236200.clip.mp3
Headlong (2011 Remaster) - 144 - [0.1645 0.3685 0.583 0.7986 0.9875 1.206 1.425 1.626 1.838 2.042 2.236 2.454 2.671 2.864 3.079 3.286] - http://previews.7digital.com/clips/34/17334136.clip.mp3
Rondo Alla Koopa (Mozart Rondo Alla Turca) - 140.6 - [6e-05 0.3767 0.7548 0.8595 1.168 1.498 1.711 1.928 2.136 2.348 2.564 2.782 2.996 3.203 3.416] - http://previews.7digital.com/clips/34/17593599.clip.mp3
Action Radar - 146 - [0.3519 0.7413 0.9798 1.2 1.426 1.839 2.027 2.413 2.617 2.854 3.22] - http://previews.7digital.com/clips/34/17509754.clip.mp3
Give Me All Your Luvin' - 145.2 - [0.1173 0.3789 0.5943 0.8028 1.204 1.418 1.632 1.806 2.039 2.248 2.457 2.664 2.857 3.073 3.282] - http://previews.7digital.com/clips/34/17990823.clip.mp3
Valaki más - 146.1 - [0.1587 0.3914 0.5769 0.7684 0.9773 1.178 1.408 1.6 1.81 2.017 2.226 2.423 2.627 2.83 3.022 3.229] - http://previews.7digital.com/clips/34/17461893.clip.mp3
I'm All Alone Now (White Night Remix) - 140 - [0.1935 0.4056 0.6218 0.7346 0.8443 1.05 1.171 1.27 1.478 1.697 1.907 2.12 2.336 2.559 2.754 2.882 2.986 3.193 3.409] - http://previews.7digital.com/clips/34/17627919.clip.mp3
Vertigo - 140.1 - [0.3959 0.64 1.023 1.267 1.699 2.12 2.312 2.723 2.95 3.246] - http://previews.7digital.com/clips/34/17611715.clip.mp3
Do It All - 145.3 - [0.1649 0.3936 0.7925 1.019 1.211 1.413 1.628 1.742 2.046 2.245 2.366 2.465 2.847 3.08 3.329] - http://previews.7digital.com/clips/34/17653895.clip.mp3
Suburban Train - 140 - [0.1256 0.3221 0.4209 0.7163 0.8536 0.9651 1.167 1.277 1.575 1.706 1.822 2.024 2.141 2.43 2.568 2.679 2.892 2.991 3.309] - http://previews.7digital.com/clips/34/11271811.clip.mp3
